1000 10000
302 642
103 609
609 674
410 964
886 925
898 931
344 547
890 938
798 884
510 991
581 719
162 949
878 906
506 528
638 652
650 711
669 745
825 918
213 683
604 824
620 784
610 615
564 908
117 292
833 900
83 663
539 706
595 734
390 610
441 985
44 413
406 975
633 673
223 434
448 878
889 953
458 648
862 913
403 813
659 953
659 715
486 823
969 979
98 669
447 523
78 393
320 729
187 633
271 695
800 842
66 939
781 945
654 664
280 785
797 944
719 914
462 607
802 895
796 849
97 660
573 1000
141 203
539 597
322 985
229 864
428 816
177 337
816 917
985 988
169 547
85 133
982 984
906 978
887 888
446 988
107 803
673 764
738 922
356 945
687 689
671 845
516 868
250 703
64 860
581 840
233 825
404 419
125 328
878 927
758 819
683 808
581 859
439 878
527 939
568 687
374 917
622 669
592 887
818 964
292 899
478 481
749 871
969 995
931 937
103 460
524 826
458 873
742 955
573 749
20 347
521 603
47 910
311 801
17 120
821 850
766 834
953 989
328 896
153 528
677 715
838 844
186 596
792 945
252 673
96 225
228 414
197 643
733 912
804 938
500 890
74 695
279 662
206 699
772 846
433 784
867 910
630 774
746 932
958 966
901 926
493 641
195 279
645 753
326 908
849 914
979 980
722 851
300 470
63 607
209 768
611 882
545 650
270 826
880 888
953 966
252 856
239 736
702 847
165 344
18 776
133 854
251 378
689 792
465 684
154 994
125 950
733 804
230 640
319 755
103 447
666 721
726 787
978 979
454 896
639 901
746 973
682 768
288 756
707 977
443 480
905 918
504 536
695 941
780 878
397 651
917 948
405 446
323 826
617 850
361 555
128 198
228 367
679 753
849 983
140 912
239 470
55 702
312 420
937 957
214 249
305 996
696 938
673 700
971 999
681 722
42 545
191 915
891 984
578 677
745 937
320 966
434 454
556 798
843 927
271 913
582 955
611 822
559 892
529 555
280 869
77 734
328 954
845 980
777 812
676 994
894 999
288 485
543 691
966 985
717 775
574 666
934 961
887 981
574 599
20 676
743 947
736 921
473 937
588 695
848 907
870 979
837 891
206 722
291 988
703 866
428 950
62 192
410 688
354 606
200 249
507 677
723 869
784 859
621 949
58 288
614 868
544 697
371 808
309 324
876 981
174 263
514 669
109 553
442 638
488 497
566 706
151 409
254 521
945 989
944 965
511 721
242 513
792 905
825 939
34 67
225 707
975 978
562 640
431 613
823 952
898 1000
211 426
600 950
409 529
669 696
450 907
222 725
725 797
779 874
885 961
46 548
814 958
122 171
564 787
987 996
946 977
394 763
512 816
69 200
647 903
964 994
510 552
360 452
59 415
183 561
951 979
75 895
730 945
215 765
651 847
516 988
391 630
149 508
763 986
387 811
565 921
899 946
909 942
151 856
360 621
835 840
824 834
43 378
38 125
802 961
674 735
207 389
216 293
711 994
452 816
571 865
688 803
253 706
904 920
794 925
96 175
984 991
294 709
960 999
874 903
288 529
802 859
12 546
156 878
725 840
103 501
168 825
832 935
203 324
410 691
386 454
554 912
988 1000
659 931
752 909
786 992
117 870
627 796
77 465
878 1000
162 566
22 552
519 931
581 694
562 904
244 487
386 475
111 940
57 230
380 620
285 948
185 765
34 777
491 725
750 946
354 563
38 653
138 478
11 500
20 93
686 829
348 584
877 998
361 998
779 950
727 776
601 686
256 497
93 722
795 929
432 687
934 948
475 488
89 438
724 825
462 715
784 948
856 862
216 800
679 896
981 994
336 626
259 264
883 982
275 936
777 940
343 887
688 738
130 727
499 991
991 998
837 901
764 892
236 813
674 958
309 370
724 942
713 993
843 904
241 977
496 556
721 790
63 726
747 975
801 965
48 708
19 668
604 928
606 731
124 781
603 799
663 967
178 725
772 974
616 894
965 972
878 903
28 572
765 885
942 957
524 860
265 602
983 989
438 910
898 942
321 780
51 698
509 911
706 859
604 855
843 991
231 855
115 588
809 818
18 283
816 824
28 576
310 622
437 669
886 897
860 875
639 795
726 761
436 846
536 586
321 405
641 918
738 921
42 696
164 493
73 934
321 904
710 724
524 731
190 532
399 807
291 558
462 606
212 796
196 809
272 303
875 971
909 965
167 328
325 503
471 480
8 987
251 487
239 625
492 857
790 926
845 932
167 428
861 895
291 338
974 990
546 953
593 868
372 868
216 400
379 908
449 644
343 496
710 813
344 637
406 752
661 808
728 979
154 736
972 981
790 872
816 851
247 289
550 814
791 931
527 967
879 917
608 932
887 957
770 849
440 795
105 167
122 865
266 951
208 353
361 509
700 875
670 984
592 845
644 697
637 655
964 999
538 996
831 840
736 896
108 933
945 990
300 999
37 498
713 875
931 953
143 916
942 951
393 750
789 957
166 805
757 782
738 911
486 647
428 848
322 486
692 755
244 606
55 538
55 138
497 807
73 647
368 574
409 866
182 434
3 423
704 889
651 851
749 891
445 830
21 941
909 991
533 988
495 936
645 812
649 854
866 953
996 999
733 793
669 819
830 979
975 997
111 715
757 960
731 963
943 988
170 374
917 928
385 901
209 439
673 857
326 902
773 952
562 906
884 969
601 763
14 85
256 813
514 886
13 640
821 923
346 611
670 954
974 999
964 965
720 759
534 594
664 952
671 728
220 796
254 861
509 597
615 723
147 950
145 870
52 704
17 678
716 774
943 998
155 468
911 996
256 304
596 746
664 911
552 602
807 868
302 691
379 864
538 589
63 482
889 977
564 709
38 626
246 942
191 287
441 600
893 904
437 893
85 163
623 926
578 920
21 955
518 880
848 961
24 115
407 880
101 828
454 665
451 713
357 951
45 930
578 851
83 601
894 993
511 718
925 960
988 998
292 884
601 611
29 297
563 749
13 695
858 886
224 981
319 862
634 693
711 903
822 885
521 868
453 846
578 741
681 835
922 986
468 642
349 415
134 547
909 944
252 742
467 712
396 733
278 785
569 833
906 989
985 999
544 602
937 966
176 519
298 745
748 994
469 954
184 826
14 453
87 269
855 929
746 842
934 978
603 732
962 970
570 859
43 230
694 839
647 779
921 969
477 996
708 966
813 935
858 998
916 978
242 478
560 655
779 926
520 665
48 326
466 915
22 159
770 956
489 802
248 875
573 610
967 986
967 973
827 927
148 608
731 757
155 319
705 719
648 777
506 655
868 881
395 726
384 926
469 917
283 330
519 985
438 588
751 884
844 924
151 411
843 939
218 441
423 731
514 694
474 993
114 318
202 223
306 617
477 749
142 502
383 807
564 616
32 751
82 719
793 804
788 921
699 956
102 537
821 954
208 551
814 857
43 122
241 796
938 986
522 730
895 909
71 589
337 425
633 875
590 716
266 704
518 830
561 702
638 762
106 848
662 965
27 933
618 716
766 900
879 956
664 936
885 934
972 983
532 535
854 892
24 492
425 526
426 768
715 988
414 627
691 759
746 999
426 559
2 662
676 996
155 685
416 717
252 704
152 532
102 184
165 337
652 879
516 951
313 366
660 711
637 824
14 323
8 203
107 839
995 998
60 289
372 881
825 904
976 998
588 590
118 531
543 973
85 400
525 626
525 608
877 993
680 909
99 821
511 780
937 976
531 665
493 866
235 842
718 985
142 710
954 960
748 793
467 695
786 804
62 916
122 331
699 751
77 710
51 475
849 854
644 751
519 896
887 962
553 589
194 674
111 641
265 742
27 909
223 777
212 621
873 967
906 962
397 634
329 557
369 781
850 928
75 506
280 920
244 806
609 671
100 847
191 663
894 897
309 533
786 938
594 620
741 989
169 524
120 985
566 780
149 858
10 112
753 898
484 558
382 744
655 813
77 748
718 757
44 494
497 918
111 810
789 865
374 387
471 628
520 690
205 398
393 760
218 709
363 841
282 683
316 368
540 551
31 511
242 833
456 885
230 340
351 366
336 374
405 583
230 834
974 996
360 902
151 849
258 337
494 918
116 351
640 674
101 549
641 772
228 232
910 941
385 597
847 933
802 900
924 996
418 968
222 996
106 248
772 792
688 792
642 745
789 931
520 875
802 940
157 467
148 599
186 964
591 724
722 950
703 901
496 970
954 987
715 764
828 954
406 718
526 599
459 536
73 138
989 990
989 996
980 995
560 737
652 848
884 984
951 973
972 985
642 848
855 960
561 851
873 962
674 919
263 607
678 918
949 956
263 342
322 491
15 522
610 741
106 128
249 739
160 838
579 954
656 831
878 981
92 962
961 977
826 964
108 178
375 919
784 845
447 642
67 351
674 997
159 996
387 911
978 990
997 999
820 867
178 959
385 867
392 535
435 917
909 992
323 818
779 793
571 674
732 787
268 679
226 376
830 989
730 804
753 927
732 993
536 779
281 417
649 853
830 893
486 626
345 799
544 665
804 845
912 954
401 610
154 480
477 955
8 666
874 991
603 613
491 738
998 1000
630 969
360 772
429 918
598 871
402 698
773 966
408 768
974 986
589 718
598 759
335 376
303 422
148 209
599 841
726 766
425 926
344 651
968 985
201 666
969 992
742 897
944 985
155 255
367 834
951 967
22 158
714 778
200 730
976 990
653 981
707 902
411 661
732 758
315 525
176 242
656 993
701 947
481 908
758 818
651 717
885 891
285 426
869 969
666 841
468 878
960 969
665 837
586 606
501 774
979 998
921 937
664 705
622 847
132 165
729 748
970 974
135 303
448 745
373 575
772 795
955 998
608 810
861 948
636 923
724 937
174 232
82 172
879 925
806 905
974 989
10 49
678 986
287 554
604 695
754 873
918 925
701 891
36 592
939 966
55 82
229 478
617 742
400 634
268 548
605 948
258 733
173 713
59 374
304 363
261 660
340 394
321 605
569 713
880 960
604 790
265 857
747 776
665 955
141 972
670 731
859 991
78 195
737 982
534 831
205 733
919 984
548 966
390 551
822 900
528 674
811 938
983 994
114 595
242 750
875 908
7 342
945 988
996 1000
264 867
82 414
354 413
777 955
691 992
389 788
580 967
274 853
907 944
569 873
182 458
333 840
205 609
341 921
713 815
402 592
552 836
918 971
848 924
45 410
777 852
289 775
469 715
740 820
119 696
990 996
45 492
971 1000
332 425
200 648
978 987
723 768
701 903
333 431
751 958
867 895
565 588
808 825
571 883
776 810
378 659
84 638
185 956
876 973
253 884
103 397
848 981
408 775
787 953
304 369
710 758
203 916
440 501
507 573
647 869
418 539
273 949
923 955
957 988
741 907
883 988
331 480
943 978
563 864
486 855
219 833
11 14
380 555
746 807
525 699
556 565
185 718
209 760
625 679
666 918
923 941
69 314
610 748
782 904
289 300
124 917
20 750
138 437
839 985
415 560
416 819
706 845
275 746
935 956
211 219
86 145
407 678
896 919
975 985
192 931
768 929
465 590
513 823
53 351
847 987
341 957
579 717
237 649
452 888
336 679
308 809
267 426
278 886
325 961
672 819
989 992
874 998
217 701
136 958
69 504
762 939
547 587
42 889
236 888
787 851
658 959
173 717
897 922
313 932
563 908
355 517
782 855
783 992
331 791
460 976
581 868
549 787
883 900
19 500
19 274
566 659
188 848
739 973
445 945
741 826
860 945
546 842
115 275
797 854
805 990
823 977
734 774
562 953
315 530
923 963
481 974
586 762
510 752
949 978
447 841
196 882
409 842
746 834
806 851
571 773
983 993
197 811
254 698
170 902
855 940
565 955
550 781
818 916
132 140
79 93
624 650
669 717
307 537
184 653
603 626
563 571
830 860
412 676
533 598
912 966
144 922
765 824
518 699
251 811
731 779
438 733
801 869
701 989
308 490
899 956
736 804
346 724
960 975
485 688
333 873
722 844
865 876
724 779
863 990
241 812
343 479
451 458
615 637
828 853
272 566
163 662
639 916
299 598
49 660
240 733
538 922
814 970
33 356
650 992
255 500
733 935
544 986
788 954
919 939
227 630
465 567
979 985
127 153
467 798
289 625
251 418
630 943
76 134
843 851
21 289
399 472
625 751
988 996
635 756
696 776
977 987
18 127
445 975
218 992
272 327
527 810
198 224
266 812
618 725
119 611
77 464
231 618
287 373
915 920
835 955
308 767
930 944
730 940
233 972
503 936
857 908
373 432
924 994
994 999
461 859
35 640
427 840
866 883
412 430
269 598
269 570
678 766
433 759
278 383
523 786
658 911
709 948
650 949
626 864
162 626
927 996
226 405
758 769
310 856
247 819
136 462
141 444
487 500
535 723
910 971
564 622
603 913
213 556
671 823
667 888
32 714
204 986
525 789
57 630
746 980
3 319
705 802
159 781
675 912
691 799
902 928
367 581
91 967
515 956
211 418
825 826
771 912
204 931
442 447
870 919
798 998
286 392
897 898
800 841
131 253
636 706
760 778
174 720
544 606
695 751
248 807
7 18
482 777
177 217
997 998
781 965
406 553
756 836
728 879
601 734
217 948
840 949
618 743
485 522
11 693
624 913
707 906
760 850
659 895
270 991
508 931
789 860
1 529
922 957
561 995
883 895
724 739
96 546
572 952
987 993
952 970
730 998
11 205
103 335
727 769
510 519
611 786
205 888
535 615
482 645
951 970
353 667
104 105
217 399
343 497
882 940
299 848
115 919
348 474
867 990
864 958
243 1000
910 912
764 848
819 838
483 979
652 894
633 981
24 736
486 540
671 720
744 991
192 366
892 992
59 794
940 984
529 654
367 798
726 821
239 707
943 952
685 912
709 819
833 918
204 783
491 657
494 984
214 258
886 951
357 554
454 832
527 771
412 660
613 699
985 996
423 992
868 882
187 695
931 984
463 785
18 410
34 729
156 277
395 718
77 688
341 622
850 941
475 637
939 950
26 479
168 785
886 958
701 936
552 654
774 851
692 803
168 817
712 809
353 681
629 909
516 567
946 999
787 884
410 800
820 987
172 913
639 744
577 698
412 774
957 998
994 997
379 631
498 617
27 348
71 158
665 689
667 895
149 904
132 335
202 900
711 962
733 803
536 708
845 950
372 930
433 522
33 162
901 964
907 921
634 649
427 703
659 844
857 895
773 817
390 539
589 994
509 801
580 949
7 296
989 995
264 971
823 871
364 642
555 970
753 759
493 515
644 782
328 822
818 855
968 988
166 677
590 992
815 953
539 554
911 987
956 976
25 288
205 508
355 510
335 872
894 933
763 944
410 792
867 900
242 738
311 979
605 947
626 815
987 992
338 945
36 944
978 993
361 370
871 949
17 387
536 660
386 471
151 431
288 798
860 883
869 999
153 601
130 382
182 200
5 947
678 819
309 416
367 731
132 573
902 911
444 655
366 613
80 682
291 521
665 984
472 775
64 396
629 774
564 889
634 739
968 979
360 802
929 939
723 978
167 898
130 664
230 910
651 693
546 774
204 323
68 382
813 824
22 68
126 340
32 737
106 284
202 372
407 831
726 954
747 778
610 948
443 675
143 565
285 367
912 976
132 173
551 773
751 763
160 337
577 903
412 702
724 887
858 949
346 828
876 978
16 139
971 972
303 894
543 817
768 787
319 691
749 958
691 976
853 889
872 892
415 741
580 630
164 536
696 928
142 331
23 587
881 912
886 917
142 379
559 588
844 869
556 839
148 729
348 793
125 824
546 675
291 467
249 377
343 955
471 487
873 926
137 966
617 962
131 678
487 541
191 773
696 880
593 832
902 925
689 722
11 970
150 333
342 404
748 767
617 845
684 823
215 805
365 802
751 833
110 951
809 905
735 901
46 284
239 372
531 751
807 873
313 958
934 1000
578 803
911 938
631 959
327 878
766 798
248 554
174 768
966 982
114 254
740 885
484 768
654 914
784 879
170 410
9 183
118 526
537 812
280 491
680 696
983 991
708 753
16 387
189 551
760 922
224 819
248 909
820 952
716 738
967 977
384 694
811 851
261 428
391 522
67 749
908 957
472 833
177 481
588 902
317 544
342 515
251 732
494 677
363 692
692 845
478 927
452 924
13 927
368 805
418 933
332 455
928 972
60 949
467 509
610 808
641 873
459 855
645 956
750 999
548 791
524 1000
271 902
654 805
887 996
75 536
926 932
635 637
847 860
795 962
724 904
489 663
797 969
273 706
376 435
286 611
877 898
250 888
817 872
550 570
36 899
47 687
32 155
737 859
255 927
459 499
279 669
594 761
354 436
938 996
180 290
473 883
915 917
688 705
594 633
774 781
851 919
222 442
4 687
317 574
397 925
241 242
65 191
841 981
182 740
139 159
321 380
944 967
516 750
907 909
155 175
179 412
591 827
529 600
152 685
773 847
407 513
450 902
704 972
231 421
934 955
675 949
266 676
563 866
233 437
93 673
250 664
573 832
519 946
298 629
764 988
974 997
76 628
415 828
770 892
699 747
912 984
101 692
213 220
324 513
220 938
878 949
222 892
430 807
556 678
970 989
152 258
51 878
807 906
276 391
764 956
968 983
770 896
455 718
896 945
846 971
336 657
612 801
172 843
790 841
541 592
991 1000
731 962
403 514
560 947
536 595
629 760
330 518
730 996
758 877
18 983
843 943
422 769
258 620
199 547
47 374
882 949
715 732
895 993
584 776
951 966
390 978
122 851
820 821
678 899
697 708
830 904
245 979
713 895
308 508
378 906
890 917
31 679
363 999
152 776
507 569
464 929
269 891
385 528
400 512
744 921
189 443
532 653
252 397
615 914
709 942
700 979
942 999
959 982
295 296
650 806
765 995
626 774
12 19
183 716
478 773
340 508
579 977
945 975
702 766
801 917
143 679
80 158
519 751
813 854
848 948
738 753
839 997
111 153
550 968
896 966
39 888
451 718
825 882
262 369
829 981
231 273
537 562
256 915
987 1000
510 907
718 923
831 855
936 979
867 970
245 733
653 766
430 601
331 695
591 620
699 717
630 876
959 966
64 648
23 774
917 922
624 809
864 874
49 892
780 808
735 826
587 778
597 677
124 561
787 911
754 801
146 526
109 962
436 750
626 655
236 896
539 564
854 941
510 833
897 956
151 679
38 739
836 981
391 565
801 873
93 140
671 714
611 866
477 825
54 136
736 894
582 603
838 920
135 807
174 258
488 760
55 983
294 578
614 967
622 845
757 766
55 237
931 970
282 787
168 980
712 873
424 575
34 458
200 932
104 908
286 535
845 909
885 946
226 660
284 460
792 1000
742 770
910 960
588 929
775 777
35 493
835 920
864 904
572 997
39 681
658 709
152 313
841 914
806 915
184 864
623 640
129 279
267 379
572 906
131 836
195 993
510 712
810 905
660 739
32 850
498 582
417 980
809 886
633 934
57 68
646 944
436 576
536 550
242 559
899 923
893 908
405 543
586 960
628 635
482 623
584 798
671 898
120 858
671 680
999 1000
263 976
377 950
591 824
637 768
27 261
313 737
133 560
571 803
490 765
978 985
124 252
47 473
437 636
429 805
465 912
923 999
292 796
458 852
843 986
130 550
311 526
935 984
208 228
130 750
786 953
623 840
955 971
684 936
810 987
3 583
428 844
277 452
89 308
378 565
401 564
624 964
931 980
183 329
168 212
813 992
43 584
211 760
965 993
864 986
761 905
281 858
990 993
193 767
348 683
702 931
765 922
609 838
175 444
862 933
654 701
328 922
115 571
334 344
682 738
706 824
751 809
582 811
596 739
519 892
476 818
117 817
691 925
281 991
379 739
211 584
686 711
719 759
648 815
790 924
203 955
315 934
451 858
234 719
268 818
639 943
5 609
489 570
345 599
944 958
804 829
573 802
761 924
801 906
753 780
474 589
682 864
345 464
447 830
792 845
109 974
413 725
278 924
244 675
840 896
44 737
722 943
687 951
403 800
784 832
611 704
876 938
883 919
109 587
373 794
383 906
450 542
867 886
6 627
730 909
146 626
808 966
399 602
824 826
337 582
351 539
472 926
215 303
743 870
884 927
376 639
94 636
304 990
53 307
151 231
10 417
984 998
424 844
759 987
855 967
221 985
868 872
913 983
349 378
680 687
137 481
1 239
257 968
583 996
559 645
312 444
484 803
210 276
855 971
140 934
12 359
805 947
974 984
67 406
153 768
549 883
304 441
845 847
777 864
40 412
157 553
549 952
446 643
978 981
565 927
986 988
65 585
934 936
285 966
509 756
464 577
791 874
552 889
721 827
518 937
380 402
538 692
370 458
333 845
467 515
670 740
103 984
930 935
503 805
850 936
889 975
628 774
322 456
523 729
178 227
697 829
516 839
330 752
328 585
367 531
872 898
251 564
368 765
430 508
316 673
561 944
114 311
70 537
332 933
475 833
706 832
167 851
565 824
94 866
830 910
604 686
840 890
360 543
804 945
21 700
719 853
968 976
967 976
734 798
560 742
119 317
162 431
741 960
344 552
903 930
743 813
430 866
857 932
927 971
98 353
894 951
852 900
23 186
372 650
53 165
550 666
837 988
763 870
767 995
292 571
78 237
654 873
524 599
877 924
21 442
622 651
217 293
395 403
873 965
788 975
333 854
569 933
273 299
559 941
618 879
615 956
63 463
940 976
538 615
119 285
178 901
578 890
744 774
731 765
156 231
549 607
148 598
7 531
702 751
967 991
544 547
925 998
854 935
50 363
31 437
720 948
608 668
441 835
114 259
902 903
892 965
608 917
881 887
567 948
852 947
500 705
453 849
468 494
408 835
571 655
796 902
212 445
768 849
735 835
47 716
820 957
501 659
70 586
739 998
103 230
274 388
123 405
671 786
1 613
365 468
49 598
226 249
783 861
813 863
96 545
514 958
393 468
4 488
191 600
824 934
760 879
32 774
291 466
994 998
298 578
157 705
676 732
187 719
690 953
802 883
272 625
888 951
27 496
152 717
908 934
434 809
462 560
317 408
930 974
299 691
279 615
617 927
330 876
92 342
241 557
28 243
28 937
905 986
691 774
399 407
906 911
45 340
85 573
669 695
822 881
940 942
242 431
256 451
508 566
76 963
624 749
661 971
485 835
67 236
212 815
296 890
536 688
386 811
55 163
209 914
131 885
774 962
243 589
519 612
584 729
236 548
603 828
332 742
559 894
544 810
732 971
449 813
436 937
844 969
220 315
482 760
905 942
760 779
513 869
399 573
474 550
149 729
190 1000
518 899
234 490
532 919
349 709
777 815
925 950
727 790
44 419
359 394
495 812
382 639
843 874
532 770
198 828
517 776
580 625
254 493
89 988
174 609
166 782
807 812
423 718
351 720
615 839
806 995
662 715
971 978
946 985
632 802
719 738
468 487
293 507
389 527
321 649
435 622
182 272
991 997
13 193
197 702
467 572
74 400
111 220
84 119
215 494
55 829
374 755
198 244
895 936
235 390
910 967
891 952
717 781
304 326
631 987
698 762
335 397
611 766
380 568
306 442
268 923
708 938
978 995
827 997
326 334
522 757
52 775
884 894
931 959
525 628
456 672
543 984
354 716
819 891
758 853
276 890
281 763
50 845
768 774
441 442
8 793
856 964
675 722
762 844
271 596
556 822
911 963
485 896
788 811
466 517
190 605
478 875
778 888
190 999
45 56
654 915
172 210
949 1000
522 731
37 672
865 987
741 792
997 1000
367 370
632 672
735 871
671 772
139 537
922 970
94 965
766 846
410 781
711 720
190 452
308 381
650 835
184 884
843 948
253 323
890 918
352 463
354 904
7 245
796 827
15 959
206 393
335 402
861 998
156 890
267 683
318 755
388 798
824 835
140 486
283 464
148 615
250 914
317 739
616 697
83 787
274 767
785 934
522 878
417 747
513 892
476 662
825 869
948 975
928 952
160 172
91 482
258 639
706 923
319 573
695 748
72 156
479 590
936 985
594 716
50 740
676 755
162 633
400 556
405 945
77 537
267 513
577 978
957 974
74 993
723 800
789 888
979 986
969 974
680 898
704 850
155 729
393 810
592 870
777 926
594 954
750 847
373 712
957 981
888 938
578 710
98 127
148 921
834 897
872 996
735 736
201 329
255 739
224 907
529 557
766 804
745 799
809 939
246 930
333 837
942 986
179 364
767 877
242 990
55 66
86 589
487 721
830 934
34 145
935 962
420 991
799 866
573 951
755 999
295 392
867 993
844 979
404 827
109 503
240 799
619 753
733 895
159 434
644 688
744 796
341 395
633 730
662 975
496 953
635 804
320 627
750 769
697 976
695 920
181 791
48 921
801 912
466 993
59 251
806 899
560 810
524 829
786 859
214 510
654 717
396 772
125 591
777 792
151 712
627 800
135 857
166 809
122 187
153 343
492 979
449 762
784 932
867 878
423 948
879 971
111 386
613 922
577 776
469 527
560 869
265 397
288 931
152 656
225 413
198 553
259 844
820 940
670 985
614 851
747 855
267 912
91 515
888 971
513 781
859 875
571 960
620 918
915 942
420 769
252 438
289 597
348 621
295 706
453 989
806 990
896 939
93 643
682 870
928 933
915 931
301 651
456 816
122 723
849 900
527 863
804 824
388 438
774 873
451 834
544 848
574 804
155 374
885 927
262 523
764 781
45 209
960 965
189 280
906 973
207 809
52 262
495 986
334 949
940 966
817 952
188 716
129 601
885 987
165 528
824 921
568 695
957 972
391 635
623 947
435 796
88 930
879 964
940 968
590 907
86 483
903 960
612 828
456 492
100 491
242 245
636 977
90 961
784 925
37 110
326 570
76 690
463 589
546 616
221 839
907 982
928 996
107 921
457 946
604 619
301 563
865 922
652 931
183 371
666 896
346 433
579 869
801 860
117 701
172 963
206 794
490 591
347 496
69 327
263 475
712 878
253 838
844 907
368 469
21 675
581 742
491 928
945 967
785 942
162 857
787 812
271 377
605 674
989 998
918 938
869 962
134 695
282 313
763 916
354 445
342 900
988 992
405 826
627 665
437 723
343 372
107 221
486 838
796 810
372 676
113 600
812 943
301 450
987 989
846 949
566 763
138 515
241 984
155 574
148 673
37 224
834 954
514 782
789 876
227 553
821 934
680 920
995 997
20 738
144 240
383 681
587 866
129 429
431 697
279 579
398 702
78 631
230 279
169 640
711 809
687 958
560 646
707 735
750 824
278 895
681 909
305 751
432 498
704 753
730 755
588 965
586 653
69 346
611 788
885 898
88 142
838 872
460 969
38 159
668 980
696 944
772 886
309 798
678 874
419 718
140 821
183 954
228 545
111 775
958 970
403 850
877 931
817 932
539 892
610 704
589 962
52 558
231 903
272 347
369 445
240 586
473 885
446 916
137 305
667 802
386 495
220 777
389 643
567 793
883 964
981 984
949 986
173 376
164 857
105 864
215 221
349 626
346 721
540 973
635 808
728 788
637 873
251 657
73 413
787 964
902 977
691 740
429 521
735 804
35 167
701 911
75 471
699 796
793 855
3 480
453 523
870 968
911 970
415 460
754 829
667 908
44 848
605 658
36 267
535 565
672 786
397 497
245 874
757 857
509 979
174 175
538 699
849 999
781 853
198 658
120 807
140 621
12 563
87 914
782 910
913 937
104 765
744 863
739 776
342 890
876 941
427 729
975 988
538 765
730 817
904 933
780 927
715 880
817 979
880 991
610 994
36 726
322 861
953 962
888 968
62 669
580 966
861 968
982 993
713 899
745 876
167 838
332 806
669 873
698 796
12 898
251 332
496 890
398 500
929 960
414 957
653 907
544 729
556 962
160 417
852 883
346 900
251 674
619 741
258 843
780 916
538 613
306 764
286 383
487 887
532 557
925 970
693 859
903 908
146 868
370 447
475 858
987 997
184 354
31 286
303 394
568 842
102 485
473 728
757 904
547 896
382 849
883 981
514 796
288 654
812 913
838 899
603 908
309 823
598 838
407 618
693 770
608 903
261 588
759 908
261 968
25 595
123 861
775 973
356 985
35 292
420 724
248 385
698 849
635 724
498 580
798 892
86 689
654 909
457 780
905 915
7 454
723 908
884 950
106 449
707 839
3 517
377 673
641 806
615 724
151 699
638 939
178 893
174 604
420 683
782 999
945 958
814 899
206 644
248 427
86 316
714 836
818 892
771 844
13 275
74 787
229 486
117 866
652 750
529 884
406 505
299 683
742 839
748 781
387 704
261 760
727 873
845 855
193 834
932 991
308 493
59 723
579 926
454 993
542 659
325 694
358 984
624 838
278 556
524 870
414 814
71 173
499 666
653 963
593 748
416 579
733 845
761 817
823 949
192 321
277 660
621 955
444 941
655 812
505 898
474 955
761 984
724 751
645 874
734 804
172 510
312 743
66 715
748 765
274 318
200 436
190 800
208 440
280 820
463 914
733 743
18 872
803 812
578 960
392 929
988 989
782 912
318 967
616 874
474 794
231 667
343 559
419 954
48 830
912 977
589 607
649 875
641 948
959 963
175 372
293 502
638 671
650 956
567 919
131 813
830 871
490 936
758 958
677 848
524 694
499 757
805 994
451 620
179 470
952 993
838 884
34 578
162 838
529 616
326 883
823 988
367 715
478 683
14 145
956 977
605 762
509 515
967 975
52 436
674 753
95 821
962 998
507 949
267 889
474 522
584 587
77 390
395 475
604 756
295 563
212 215
845 948
271 805
368 983
364 410
928 929
675 815
644 791
705 969
178 779
544 910
617 915
967 987
213 437
841 916
86 580
115 202
849 882
212 265
14 780
912 957
596 902
570 634
316 970
397 926
540 648
266 565
512 825
625 867
186 392
310 692
192 560
945 991
712 996
758 856
602 704
32 36
673 790
817 917
143 986
912 969
593 791
513 709
652 941
268 327
550 761
842 900
933 976
778 818
833 851
252 273
501 833
52 812
941 968
324 797
364 792
586 861
50 430
53 347
808 971
861 875
10 423
399 567
984 985
774 871
711 863
81 996
132 356
859 993
221 766
294 446
670 823
908 991
490 823
150 271
760 883
212 837
253 300
773 824
37 775
715 930
665 905
406 899
792 980
514 997
800 984
854 916
139 325
704 844
213 937
580 664
685 703
598 651
402 882
367 871
244 441
624 726
642 831
834 868
172 376
666 980
956 982
162 720
810 864
514 856
682 827
842 845
726 799
920 959
49 825
784 992
476 926
111 589
10 652
264 329
222 833
574 861
120 315
250 261
672 868
582 602
943 974
322 438
425 960
503 982
76 388
316 664
172 312
812 885
237 954
77 712
183 782
449 993
595 918
161 191
362 777
718 986
180 227
633 945
915 971
693 748
161 189
996 998
336 962
873 912
760 962
560 889
524 836
410 621
253 610
444 453
403 525
377 763
392 715
169 304
907 910
167 717
112 614
392 587
216 274
128 601
225 310
23 91
720 864
332 550
352 465
862 981
483 738
915 964
467 553
878 952
62 154
801 839
290 318
435 537
364 528
763 860
575 799
599 952
227 978
480 510
255 452
21 942
38 325
242 667
170 961
208 896
599 962
933 962
88 951
111 226
597 625
349 389
866 868
581 815
611 931
713 891
437 473
947 957
626 944
665 740
805 897
317 546
508 785
905 935
958 986
924 985
864 892
427 887
556 632
342 909
645 730
284 375
463 635
957 996
743 856
935 993
62 232
366 493
925 984
410 678
573 729
889 892
813 822
889 987
740 832
283 461
518 914
535 976
610 619
43 492
973 991
826 830
576 578
13 644
661 912
870 936
692 707
547 976
255 328
852 913
187 433
43 171
312 980
15 968
395 523
743 939
672 788
576 929
883 946
312 929
959 984
480 733
752 910
666 999
550 880
695 952
258 514
882 975
320 798
541 961
151 794
425 486
865 884
587 760
672 914
91 464
786 966
895 896
688 856
165 919
472 628
77 920
54 805
954 966
540 607
759 884
738 791
916 939
465 728
605 616
803 809
800 874
803 959
817 853
858 902
782 869
201 997
562 565
92 729
74 803
827 886
808 888
299 465
564 742
660 993
51 637
982 990
762 894
716 978
593 930
800 956
707 810
217 978
117 950
994 995
525 552
543 897
645 821
679 717
77 305
963 983
357 977
955 997
20 301
417 734
736 848
928 932
855 998
863 892
429 806
417 831
459 864
561 755
59 869
749 806
781 839
933 963
254 286
722 724
884 941
658 782
972 999
99 745
781 933
381 729
227 723
239 263
456 563
420 823
992 1000
443 978
423 473
438 629
988 997
941 972
725 981
33 495
491 741
260 418
642 886
703 887
895 905
57 773
137 559
490 669
480 832
906 998
240 786
19 720
963 999
500 937
603 743
239 242
161 958
663 667
829 837
918 986
904 961
492 739
703 902
626 744
231 791
768 852
722 979
383 561
503 584
17 184
294 789
932 964
670 894
152 763
430 594
550 821
595 632
741 785
811 875
951 996
515 776
19 405
866 909
465 677
439 503
804 975
606 670
275 641
294 561
647 914
616 695
636 790
744 996
621 841
819 837
238 603
582 894
18 288
358 575
882 898
623 659
169 417
63 857
332 427
169 218
341 521
519 579
332 946
365 705
469 566
675 736
634 800
568 678
256 377
885 926
43 448
208 316
721 813
64 327
313 410
103 725
137 827
953 981
702 835
900 919
269 407
255 643
181 934
841 991
230 683
743 822
928 991
553 715
43 969
995 999
787 802
876 888
609 717
160 763
601 615
54 661
368 669
576 863
563 801
881 982
168 677
739 796
377 651
398 472
28 733
400 764
79 728
479 955
68 903
710 909
854 868
450 984
14 540
266 511
506 994
721 768
502 532
258 828
966 988
295 457
841 951
848 929
478 505
742 757
125 133
609 947
34 764
856 999
382 431
27 117
919 922
39 96
170 850
825 835
30 266
413 980
4 363
734 744
464 741
551 808
182 527
300 972
683 918
654 702
419 957
129 423
794 834
134 888
310 937
878 958
331 452
467 478
781 936
87 349
854 900
688 916
406 831
416 529
513 551
492 671
319 737
305 612
384 797
85 774
45 688
854 956
607 783
626 681
746 928
933 998
832 981
541 721
93 721
183 204
21 952
291 959
474 929
283 599
338 585
608 872
834 989
676 736
830 944
169 996
904 954
331 814
356 957
188 249
236 898
162 315
221 895
389 827
807 991
82 270
959 989
64 796
508 755
552 964
443 665
499 931
357 424
918 930
352 600
206 636
764 925
926 969
300 500
830 914
70 423
339 901
49 618
369 541
248 686
942 948
712 929
583 956
581 746
338 477
430 956
745 849
809 839
414 706
443 562
996 997
706 862
768 858
612 634
320 876
220 412
187 225
180 818
152 534
79 245
56 361
80 786
600 933
58 140
457 608
925 935
750 835
347 609
616 960
498 800
336 935
20 441
725 777
138 735
627 817
793 986
426 556
642 855
224 721
712 901
109 482
469 995
649 861
643 951
436 437
679 930
495 520
248 919
215 363
326 651
437 673
422 943
208 844
895 903
98 682
267 554
184 664
403 471
162 302
741 834
627 788
150 185
601 703
37 480
515 814
485 813
181 471
303 351
94 95
600 998
243 981
637 770
271 850
632 952
552 695
29 453
972 986
745 774
271 446
124 183
116 198
172 844
114 530
283 347
220 678
459 965
798 882
81 252
608 667
865 895
219 805
748 984
712 872
247 454
504 590
236 750
761 954
65 93
108 115
550 766
888 979
982 983
656 950
344 798
490 631
262 406
51 615
164 465
687 802
543 578
710 846
809 868
496 807
14 53
956 961
673 883
536 947
298 930
976 983
571 686
916 929
401 786
729 734
24 789
928 978
471 676
554 966
325 352
313 924
350 525
549 981
217 920
915 955
649 770
74 881
572 651
163 817
246 864
239 353
299 658
187 236
119 499
64 186
361 937
496 802
952 996
447 930
794 843
933 983
33 736
953 979
840 869
592 889
144 808
843 918
443 894
214 481
247 625
444 890
310 617
846 917
163 214
751 786
115 931
358 757
631 750
436 745
442 798
304 472
491 968
291 925
830 950
114 334
678 699
142 596
325 569
132 744
667 966
539 976
831 972
44 776
22 808
658 806
152 757
415 470
806 936
218 246
198 933
763 962
968 974
444 704
202 932
505 657
513 576
974 994
972 980
845 940
431 463
311 596
385 514
721 941
400 408
430 792
286 581
913 986
214 527
475 959
490 832
562 994
676 722
39 320
299 711
820 910
820 899
92 527
427 704
304 613
668 908
137 698
897 910
708 878
115 344
116 376
5 861
1 967
86 847
84 841
548 658
627 668
579 848
257 680
173 530
643 944
858 895
226 894
533 620
440 947
295 931
71 347
826 938
542 645
281 758
531 870
851 929
921 951
76 469
33 461
340 963
535 876
729 750
812 900
675 705
601 948
491 534
140 722
565 852
292 411
337 726
897 939
404 792
22 311
455 679
81 961
179 685
388 940
736 926
483 665
229 385
460 915
183 327
806 882
46 285
627 887
918 980
463 780
749 750
3 503
12 614
975 1000
974 981
617 805
941 994
708 867
245 939
956 998
907 996
223 874
910 988
603 681
694 889
816 836
587 801
369 836
272 461
663 865
706 734
259 340
641 882
852 989
244 620
474 775
380 890
273 547
333 789
198 776
993 994
417 942
326 811
496 585
838 930
678 923
642 709
266 557
360 876
864 884
700 995
71 961
190 883
135 391
680 1000
325 888
787 976
890 968
213 882
828 994
147 821
854 939
402 778
980 990
151 751
963 976
921 925
636 851
99 782
759 808
791 818
977 997
235 482
685 980
298 431
963 984
325 597
715 903
847 887
150 537
897 977
934 975
43 277
315 895
985 995
615 993
854 972
67 274
686 718
742 872
391 658
891 913
149 845
689 744
711 848
846 883
660 755
591 813
786 989
21 107
939 996
491 609
449 603
316 977
918 923
57 596
313 494
683 811
557 887
976 988
522 686
851 856
917 931
254 617
203 703
301 998
128 619
632 760
308 783
489 821
484 553
634 834
335 554
360 557
107 564
553 762
806 986
955 970
864 969
844 928
458 630
592 612
662 971
369 624
194 455
853 996
573 620
113 875
403 657
291 307
68 299
442 900
51 435
920 933
151 969
153 667
317 472
559 702
931 971
517 902
577 934
205 882
110 638
87 560
941 975
601 702
251 721
543 995
24 516
623 725
251 437
165 635
553 733
433 872
177 332
339 641
169 224
853 887
639 666
835 978
554 837
657 867
89 969
335 730
224 464
724 928
557 833
603 708
86 785
63 998
427 471
920 999
509 853
256 520
362 772
856 930
572 633
347 687
322 574
863 933
127 333
102 314
831 985
764 975
678 931
933 964
697 845
378 836
908 916
303 323
800 852
930 939
452 583
911 954
938 948
70 745
70 211
361 639
319 813
300 593
844 918
504 550
807 852
571 797
917 996
701 893
657 924
892 921
65 247
90 405
361 670
240 756
532 687
400 543
680 853
262 317
432 940
174 610
723 854
44 81
363 378
882 979
909 962
374 457
373 397
757 827
12 308
589 722
749 935
236 908
644 979
37 525
369 655
964 985
17 31
311 314
287 830
694 805
505 809
289 578
672 790
252 564
826 896
909 1000
219 794
644 840
145 711
460 919
680 840
694 718
528 881
353 905
433 576
603 744
154 560
752 913
293 416
444 736
163 201
520 656
485 975
939 940
877 935
478 775
417 971
82 922
378 779
705 862
962 981
472 872
866 946
538 798
392 1000
992 996
371 993
25 583
684 806
370 747
253 683
825 832
910 935
509 1000
787 966
207 436
41 575
496 945
433 879
790 983
614 721
735 887
212 924
134 597
841 957
543 631
447 959
963 969
74 846
579 813
605 940
435 781
773 938
479 584
470 669
673 806
290 554
243 456
673 926
615 952
369 945
985 986
405 766
977 980
140 742
600 620
828 950
260 545
330 810
222 535
149 997
583 657
17 724
665 693
659 675
638 924
151 706
902 917
428 658
553 947
384 735
450 758
956 983
356 492
556 767
658 809
330 470
785 905
628 847
18 345
430 875
893 955
27 661
422 724
731 860
254 766
729 950
48 486
898 958
513 766
483 912
86 190
532 668
286 935
911 952
834 971
104 962
697 746
706 747
124 191
353 841
861 870
410 907
99 864
921 958
608 972
151 580
541 774
17 925
876 931
493 583
49 523
876 914
865 930
323 452
525 840
308 557
361 809
478 498
99 296
577 688
62 256
135 733
766 968
41 729
668 687
986 994
277 464
83 365
396 834
820 939
510 568
131 244
911 998
865 921
958 965
447 965
420 667
326 417
213 598
121 535
645 937
301 464
529 889
330 613
505 806
958 989
887 993
553 888
360 473
654 946
405 576
757 869
107 517
538 763
855 906
151 696
861 898
670 703
774 885
886 975
406 703
289 309
878 968
934 957
842 862
497 836
230 885
193 730
279 576
582 780
502 964
629 700
240 989
17 749
971 997
377 467
614 821
935 954
416 1000
971 982
59 703
823 953
36 94
396 574
506 870
650 749
263 831
222 771
199 262
118 351
168 563
525 534
45 926
958 987
947 981
200 793
715 839
314 440
815 919
846 890
439 603
668 731
103 522
520 669
282 556
209 797
614 837
481 492
344 890
824 987
384 914
164 944
633 716
23 351
871 995
895 953
809 951
970 983
686 700
21 420
339 482
558 593
84 500
946 976
554 660
627 831
816 989
319 657
584 1000
398 642
876 880
309 312
573 919
570 628
362 981
717 824
670 762
207 969
312 703
431 528
167 416
101 952
438 997
515 804
277 647
967 998
15 733
79 848
817 984
434 756
924 981
420 613
629 670
28 956
498 762
144 200
150 600
734 835
704 723
597 844
298 465
550 900
281 470
774 884
360 832
81 118
478 877
441 761
18 731
7 541
580 749
441 564
269 408
431 600
940 961
961 1000
365 926
650 876
779 831
928 934
930 965
644 662
852 903
404 797
761 869
906 926
231 324
339 566
457 698
129 504
228 726
164 421
419 800
258 279
699 808
694 894
322 995
479 991
383 497
635 767
993 995
416 865
822 982
928 981
104 446
601 636
498 837
191 248
336 471
215 486
271 403
301 704
695 987
274 958
457 890
268 474
884 919
11 634
561 847
258 872
648 773
7 817
201 888
403 644
249 568
693 722
223 652
355 967
157 737
311 606
975 984
906 912
115 671
590 890
887 970
548 664
350 885
513 555
11 102
764 766
172 495
441 529
251 388
778 787
123 398
610 794
442 934
440 498
405 492
773 786
552 586
947 987
499 949
756 959
989 999
281 691
923 954
785 986
220 570
970 976
39 644
142 868
356 775
974 985
58 570
125 800
189 193
871 915
152 996
726 815
578 724
16 998
904 952
365 498
275 748
37 692
300 900
112 317
252 456
932 958
445 820
922 960
930 947
722 763
133 481
24 253
809 869
545 733
790 867
720 804
654 769
554 580
664 959
872 912
860 897
706 898
310 987
463 588
783 881
270 521
913 976
267 830
153 371
665 950
705 745
730 870
967 970
710 984
603 864
50 393
150 726
778 1000
586 766
96 687
937 965
774 861
157 812
911 975
596 896
27 296
642 829
368 490
172 223
234 271
501 802
422 950
731 951
872 881
594 882
183 537
776 827
61 514
140 607
730 963
268 998
505 704
879 924
670 865
80 420
162 613
141 493
578 868
311 652
192 963
28 595
421 802
230 243
821 965
522 783
555 866
9 278
946 965
647 844
241 477
525 844
350 459
910 992
617 897
103 921
585 843
120 505
376 646
754 915
366 715
363 405
705 768
336 455
171 179
574 800
64 95
142 847
81 725
328 698
979 996
950 976
826 882
169 230
977 985
332 403
504 642
693 962
652 755
234 428
333 424
236 308
378 387
70 573
216 358
237 788
9 741
781 854
613 973
538 648
478 564
936 953
299 496
972 974
340 987
410 910
259 551
658 987
344 906
766 777
553 671
532 809
345 850
828 952
712 869
180 193
973 978
106 139
580 892
717 745
833 929
55 371
724 918
120 735
65 615
609 825
950 951
696 854
882 982
84 972
247 833
706 888
419 559
316 767
104 312
857 904
43 589
637 787
766 916
790 804
353 448
597 727
372 675
693 967
584 741
585 691
597 601
639 641
544 733
171 266
489 658
64 133
574 865
340 503
734 757
451 935
643 774
875 956
717 931
443 547
570 727
602 831
968 999
451 824
632 860
372 391
544 607
812 871
299 501
235 987
176 594
102 327
570 914
757 896
663 936
790 845
682 939
358 721
163 226
42 180
279 622
213 666
16 336
970 990
754 907
130 522
475 633
86 211
593 822
397 409
230 853
918 951
617 811
512 648
935 971
528 581
732 838
552 832
55 510
541 795
369 853
90 725
879 981
670 748
155 616
407 493
575 858
905 911
904 995
99 647
729 942
841 897
508 794
760 848
135 740
834 980
521 572
193 526
528 947
374 750
545 671
355 511
466 734
114 475
22 907
509 966
607 996
373 731
921 936
322 602
922 923
720 803
625 907
67 474
464 519
956 972
577 855
193 710
21 113
482 892
219 919
272 483
89 417
532 822
638 900
198 367
801 808
125 288
530 670
88 346
199 800
962 978
551 624
734 918
232 694
429 896
855 896
710 927
739 960
18 660
936 997
295 901
942 978
968 994
786 893
827 836
768 792
779 888
564 934
101 458
295 618
783 854
10 946
115 299
415 546
766 975
296 560
298 302
754 858
232 272
114 581
857 939
655 890
900 936
533 829
282 483
864 880
633 683
672 755
444 515
882 956
498 531
46 686
499 932
832 950
157 228
190 652
517 757
116 296
631 896
585 599
938 995
686 850
162 883
48 207
84 120
366 754
668 717
762 847
452 974
724 789
108 440
42 982
49 935
417 698
800 925
391 714
269 324
593 924
679 709
899 953
921 981
19 928
490 521
920 972
241 714
220 694
485 697
422 577
929 982
518 655
721 954
25 700
559 703
447 871
176 759
557 791
601 697
397 942
438 552
577 997
633 731
928 948
284 399
23 150
104 159
312 705
884 897
193 949
144 830
448 477
823 950
778 946
740 816
943 966
538 540
515 579
750 884
381 399
59 353
161 342
127 224
513 880
33 516
827 865
378 443
976 978
923 925
993 998
506 586
822 961
336 477
916 937
772 909
434 764
3 256
648 887
382 789
893 958
780 949
418 889
597 783
916 971
857 867
922 951
138 976
440 618
825 986
661 871
638 696
688 902
136 262
820 925
786 809
182 736
499 532
456 969
980 987
687 977
742 961
22 759
115 815
275 962
94 416
221 295
138 590
705 898
151 388
124 993
646 971
771 889
280 619
842 879
381 437
469 680
140 805
958 972
764 805
278 314
82 187
316 420
165 892
140 545
390 699
665 719
756 859
189 997
195 387
699 817
258 396
549 758
847 914
27 960
200 966
493 538
842 892
516 973
878 890
28 114
778 831
157 416
543 816
744 780
401 853
798 826
848 984
615 976
810 967
569 931
97 198
543 669
126 394
177 551
42 417
535 853
170 637
399 800
420 842
57 103
868 999
500 972
633 665
215 587
952 978
574 843
203 810
850 923
310 901
267 339
258 328
128 1000
91 401
474 601
125 630
406 867
445 622
239 359
395 666
93 790
963 977
900 998
712 899
671 894
773 839
634 668
52 975
401 829
115 534
55 339
472 501
290 559
575 961
623 737
513 928
365 580
225 810
128 207
409 965
695 833
920 954
396 676
924 973
650 654
411 680
61 461
442 507
580 828
587 790
72 680
63 802
133 902
164 313
308 929
348 623
375 574
10 166
759 979
411 894
362 662
714 827
688 759
816 897
806 970
796 806
540 903
262 393
641 716
291 680
620 810
406 823
955 999
604 911
790 871
794 893
757 938
686 705
792 972
166 294
82 699
470 787
790 859
654 808
322 622
721 857
601 719
918 946
309 689
923 969
571 862
427 880
738 943
286 486
338 638
181 634
569 978
536 728
707 967
488 502
738 837
953 970
899 909
955 964
473 945
78 713
3 441
270 546
276 814
165 295
679 982
352 996
438 961
650 700
418 486
853 933
191 418
401 554
523 944
928 994
274 398
893 915
32 393
482 828
508 978
849 899
608 801
504 972
284 797
102 242
166 438
98 103
477 993
627 844
264 356
91 877
490 816
56 197
112 151
429 431
552 652
39 67
955 984
181 970
669 941
175 865
656 673
729 926
950 996
858 965
749 913
479 554
897 987
466 727
67 255
905 912
769 954
640 800
846 973
366 590
162 274
240 879
845 875
508 618
336 851
647 833
434 743
938 940
189 813
816 891
90 574
233 491
428 571
938 955
538 813
610 761
305 497
807 901
46 860
120 547
518 714
694 798
586 877
560 769
251 547
686 999
496 695
349 885
326 926
317 961
10 26
355 758
156 845
298 769
905 944
835 942
705 746
844 956
373 405
304 507
198 575
841 938
57 613
980 988
416 560
720 747
389 412
428 940
196 383
804 833
689 840
701 988
640 995
161 870
313 560
293 456
413 574
884 920
54 362
282 644
709 989
98 250
598 849
137 991
839 890
417 476
943 996
29 876
243 715
387 749
719 871
773 851
218 770
609 962
895 961
520 696
915 926
443 993
390 472
397 589
259 658
57 933
753 919
314 565
659 815
984 996
100 871
77 314
87 845
496 896
379 481
838 861
279 908
463 984
785 808
336 624
496 866
115 944
685 789
721 861
89 494
180 559
646 951
432 708
739 779
108 157
223 824
389 742
419 565
380 921
431 598
889 897
457 654
608 946
232 554
515 823
614 793
762 837
761 910
747 889
477 483
858 926
202 565
626 932
584 768
158 829
210 286
988 994
981 999
315 437
909 972
365 703
637 663
646 852
844 891
637 686
83 751
465 507
610 773
76 860
967 990
198 311
630 769
34 934
820 979
669 846
414 569
412 979
7 958
598 858
130 563
93 657
749 902
61 809
288 724
273 356
235 816
25 782
873 931
949 982
573 671
500 753
273 369
168 714
49 424
205 788
947 999
810 982
199 900
653 994
595 676
85 185
748 980
125 613
477 516
139 858
928 945
577 717
731 904
138 245
876 912
779 944
373 585
417 714
597 796
479 661
595 845
640 780
409 758
144 277
603 807
612 834
460 479
660 733
384 629
712 778
259 538
68 215
463 672
469 965
712 756
198 557
338 533
634 838
315 936
650 708
266 924
246 980
203 619
822 947
332 720
503 726
993 1000
96 453
531 850
685 838
91 916
722 754
426 800
990 991
231 859
687 704
66 433
989 993
363 734
651 673
111 322
318 485
523 782
477 579
511 979
13 149
887 916
468 595
367 643
471 849
730 915
465 482
547 904
569 874
917 939
366 378
805 811
442 888
740 907
463 996
989 1000
840 857
240 628
906 974
156 739
143 515
844 930
591 786
506 751
653 954
852 859
137 313
661 790
798 875
622 946
798 963
413 973
835 975
974 979
431 740
114 903
850 960
407 939
947 984
98 627
765 837
702 964
113 539
689 991
154 511
400 447
727 963
590 657
132 257
730 929
582 810
449 911
543 671
79 685
737 990
310 359
182 787
504 773
359 763
113 633
266 543
916 954
708 952
636 999
553 792
327 352
25 143
589 918
108 114
790 884
575 820
731 864
505 843
965 979
117 450
728 899
745 752
41 326
145 906
950 953
266 968
9 793
337 581
264 348
680 878
179 569
57 638
684 744
645 841
986 995
889 912
456 559
630 733
54 603
555 747
946 979
878 976
911 1000
384 871
856 893
69 668
731 814
763 770
421 913
153 989
394 578
153 358
695 838
434 900
533 535
7 130
654 936
969 982
608 636
531 716
326 735
220 486
576 607
75 335
475 654
598 685
774 939
660 880
88 898
144 483
809 941
82 317
134 539
234 641
549 663
417 984
310 630
38 68
885 895
380 766
976 981
748 957
456 821
540 914
488 575
66 871
910 998
587 847
486 694
179 540
179 347
123 820
129 564
865 887
403 522
506 776
266 726
25 750
981 985
375 913
669 867
766 880
436 588
176 526
827 985
559 790
356 905
868 979
276 439
325 832
981 986
608 968
624 779
951 993
471 665
98 447
468 771
921 968
608 732
46 878
534 961
136 147
219 270
538 656
181 352
27 740
781 826
690 916
419 475
698 903
308 683
420 589
303 378
316 669
566 613
357 468
798 903
14 228
444 917
495 966
394 899
905 920
25 906
730 913
759 839
122 551
124 154
105 139
890 943
219 848
246 473
931 981
381 664
973 992
841 842
310 438
970 971
365 884
406 803
134 244
755 771
804 922
908 917
47 581
316 891
64 284
138 380
262 636
41 746
334 931
854 871
729 819
367 794
612 907
917 992
508 679
165 715
423 868
484 858
37 921
60 862
795 991
371 893
44 103
379 741
652 733
7 418
523 626
890 928
118 825
230 268
546 557
624 734
547 911
356 680
275 855
274 932
687 821
125 294
879 913
947 985
734 790
385 907
839 975
328 378
694 998
57 762
937 974
76 215
493 758
266 428
617 979
796 942
177 665
814 873
880 942
466 918
623 704
432 710
968 1000
404 443
438 548
995 1000
502 925
556 588
788 935
103 429
722 940
433 441
614 866
273 294
579 617
834 965
241 277
273 301
885 991
803 932
961 962
586 656
786 951
422 521
399 597
15 56
804 863
973 996
259 435
506 832
697 710
767 871
536 961
351 560
331 532
424 951
151 477
205 294
747 888
354 788
239 363
634 863
582 769
516 545
436 808
59 158
228 725
267 881
552 946
632 939
878 959
722 967
815 927
218 675
274 365
473 897
881 955
450 484
895 913
630 920
430 434
540 647
13 212
939 976
31 648
168 676
931 988
790 861
171 398
87 462
540 931
272 950
19 894
290 416
612 647
568 930
65 732
15 912
115 443
496 565
715 941
990 1000
749 779
394 743
644 679
291 663
82 852
651 757
193 234
664 842
487 542
890 971
398 494
714 917
777 780
475 994
681 955
942 998
286 580
228 395
845 925
64 889
631 739
393 768
817 960
935 986
11 928
447 949
509 812
72 792
508 814
225 547
90 644
269 281
365 827
41 884
110 132
739 927
754 965
471 738
265 630
538 857
463 615
12 681
448 810
157 892
788 804
495 746
846 915
76 81
903 958
804 806
231 715
713 723
473 862
396 673
305 404
948 962
635 788
555 876
453 539
850 966
232 444
812 968
740 751
402 575
53 542
908 988
745 975
763 919
589 857
401 584
155 301
730 926
836 898
229 293
90 270
235 346
180 464
402 523
279 924
72 269
762 814
430 929
975 986
128 662
30 160
831 997
46 553
154 798
299 494
3 378
142 226
651 705
385 754
884 955
734 967
169 234
802 839
904 942
440 550
70 583
491 852
275 599
188 810
787 963
604 820
738 850
815 874
734 861
866 982
288 869
298 486
62 433
714 851
52 185
701 709
298 627
429 686
45 604
935 996
818 866
689 986
979 988
915 950
238 546
592 902
886 995
617 753
966 975
431 758
784 963
419 474
599 680
937 962
585 989
325 476
161 882
286 561
548 584
938 959
769 818
993 996
484 488
392 629
215 743
230 558
789 994
328 566
696 876
647 938
582 891
581 847
820 857
771 960
867 927
431 533
895 945
540 710
1 334
932 933
605 933
9 572
42 58
352 459
963 992
899 919
226 948
59 968
350 912
618 852
184 750
917 940
266 269
125 352
190 961
184 810
948 982
43 421
824 842
672 906
669 844
908 922
79 331
709 730
394 790
722 758
114 701
48 142
313 415
214 757
122 559
958 974
276 472
483 707
275 393
769 817
147 872
863 872
469 506
354 775
203 531
805 834
367 651
266 378
969 975
1 834
72 328
110 656
814 819
202 387
524 532
373 454
698 934
456 860
34 201
926 963
285 854
597 912
514 650
76 464
913 934
101 132
465 801
815 975
547 834
110 556
971 991
907 950
364 643
314 379
459 987
881 997
819 967
585 719
192 598
952 986
112 953
888 898
943 951
742 913
872 958
873 957
974 978
770 970
676 762
92 386
623 734
509 952
607 844
544 739
420 662
19 40
946 980
904 982
727 729
458 889
964 988
814 963
676 778
703 900
481 489
667 863
304 797
695 964
754 789
694 793
709 949
392 745
137 986
19 382
837 906
671 808
761 775
568 782
361 785
625 922
594 876
250 361
792 975
394 542
453 713
214 843
694 999
657 948
796 836
605 839
620 807
457 757
743 808
691 882
603 646
81 314
84 289
595 978
684 845
166 842
428 627
560 730
572 848
563 814
917 991
392 398
70 915
754 950
991 999
958 973
951 999
427 785
277 847
434 748
505 956
130 318
953 954
137 195
427 640
755 915
708 823
209 602
28 59
542 566
508 511
90 860
161 731
899 987
358 636
392 599
758 849
453 592
191 925
216 864
123 1000
126 423
117 934
717 989
533 668
66 309
697 958
41 568
881 979
881 987
513 535
50 645
507 653
995 996
584 756
602 863
762 999
687 861
456 943
116 967
977 990
561 781
140 880
106 869
566 704
880 904
344 636
332 372
59 255
868 953
43 656
222 756
3 327
330 392
875 998
158 342
624 863
141 767
22 659
433 447
99 189
640 967
466 538
937 968
893 935
829 989
467 900
924 965
377 385
169 787
523 649
16 809
274 900
927 952
540 597
305 671
527 612
894 913
223 801
319 933
48 487
782 894
593 637
161 218
308 529
798 938
558 685
581 978
359 450
397 566
832 880
394 971
709 967
666 920
900 954
852 970
462 802
323 788
240 543
634 991
594 766
390 442
311 740
751 912
502 680
125 416
41 258
357 497
35 634
644 967
536 756
59 356
632 753
591 717
581 906
381 864
808 853
646 858
895 978
567 628
398 707
340 574
901 908
315 965
327 597
988 990
236 972
551 694
192 604
697 872
127 585
847 963
939 959
794 992
269 406
471 602
106 599
531 911
695 770
363 769
625 758
514 770
95 139
964 980
668 784
585 891
296 415
984 993
535 804
550 796
506 766
128 857
101 887
849 922
442 567
308 589
915 928
928 958
683 929
887 892
717 927
563 815
57 647
370 617
454 673
21 681
578 579
484 494
373 692
153 248
963 966
593 594
23 353
119 728
307 870
194 468
176 660
260 428
413 679
860 917
171 338
284 325
51 707
814 974
462 796
348 634
472 529
878 924
213 644
381 584
601 660
538 711
443 826
115 211
508 722
7 26
58 952
915 963
713 903
505 783
329 842
655 752
300 642
637 800
89 395
298 483
485 881
543 746
284 828
890 915
316 674
502 567
461 646
613 774
968 989
122 808
740 792
306 589
318 906
8 279
731 965
298 399
604 784
849 903
849 995
4 668
56 768
177 704
972 995
353 692
820 938
74 973
477 795
930 946
468 856
44 478
869 932
493 786
452 785
26 662
201 841
161 294
219 365
648 816
510 901
51 703
920 935
879 995
701 888
333 607
949 958
991 996
90 317
548 722
628 811
539 905
352 419
630 650
242 572
73 709
659 708
978 989
481 553
757 995
754 986
376 968
981 989
169 213
138 538
524 535
84 792
302 508
65 911
40 573
47 367
627 968
949 995
45 389
924 938
345 819
703 995
889 974
434 864
406 911
266 794
792 835
79 432
512 952
235 996
778 816
782 895
551 858
840 848
275 441
372 742
468 572
288 942
517 941
857 980
625 796
838 953
986 990
774 910
585 890
559 925
123 334
457 490
287 614
379 918
893 984
136 894
430 990
114 565
993 999
189 334
177 390
811 833
178 889
339 469
156 157
727 784
764 785
809 840
353 844
183 508
827 856
897 992
307 641
876 947
457 840
374 800
459 851
283 999
69 822
614 784
240 379
489 589
180 324
440 775
87 505
487 988
437 474
806 820
7 453
419 936
373 563
935 959
673 690
946 989
833 916
340 723
262 565
719 939
436 641
492 711
166 405
103 288
305 394
346 712
450 506
599 847
583 691
603 961
241 463
108 155
433 990
315 365
969 988
846 914
578 820
620 833
373 705
829 884
341 591
307 727
220 857
154 593
729 841
197 348
788 819
752 825
141 594
717 888
841 989
713 779
104 553
208 421
472 541
228 954
860 898
708 869
897 953
240 476
992 995
687 975
138 473
238 482
504 898
52 438
628 759
742 902
126 816
372 932
635 743
806 877
423 942
220 269
30 702
617 764
315 986
587 820
557 814
630 953
683 709
877 983
394 433
192 426
457 889
705 717
730 777
961 997
844 851
415 515
302 716
511 550
737 886
282 303
577 958
932 946
751 890
189 196
791 902
42 396
729 913
135 995
991 993
962 984
784 968
615 960
43 334
956 978
251 809
157 550
305 997
195 261
49 803
610 910
888 955
780 888
864 999
907 962
552 787
800 972
448 649
656 713
170 442
701 753
520 988
612 737
797 804
77 642
958 1000
68 313
913 974
406 903
752 777
638 896
785 983
931 995
538 984
672 801
794 961
657 949
189 890
693 965
199 566
161 283
32 567
74 662
931 950
970 1000
537 924
451 472
880 889
293 683
367 903
895 974
98 974
872 939
349 364
744 788
708 989
10 141
861 886
460 985
932 947
589 689
459 498
72 589
491 841
129 270
238 526
219 231
703 891
944 982
891 924
62 163
873 998
835 851
752 868
865 986
916 955
432 943
960 979
282 890
849 908
315 498
950 975
626 919
722 981
685 977
4 828
888 908
185 816
587 588
49 69
116 419
962 966
625 934
159 870
68 874
758 955
70 421
610 711
865 959
193 417
355 822
311 645
744 918
230 718
550 753
676 959
61 449
638 894
85 264
879 921
867 924
903 952
925 928
361 874
521 612
286 582
900 920
517 720
192 905
508 568
626 969
129 275
236 572
256 827
389 945
91 897
879 938
224 344
438 459
133 813
372 762
363 749
6 498
283 506
542 805
512 721
147 437
679 976
841 919
308 558
30 572
198 417
499 642
908 972
272 470
214 661
177 674
788 877
318 722
783 857
801 898
451 881
228 899
916 975
481 666
48 273
7 471
430 861
90 293
503 578
961 993
215 748
950 979
381 517
863 900
262 607
513 564
685 743
215 295
11 830
256 619
817 866
364 408
408 564
420 702
373 769
106 859
179 742
155 187
302 600
497 664
386 570
697 833
100 537
982 994
90 819
125 537
789 914
580 798
845 885
6 262
952 960
105 865
447 528
847 966
595 979
456 459
860 904
156 190
267 548
306 680
476 724
285 883
746 802
269 672
697 849
956 993
800 827
471 610
772 814
800 872
948 989
91 549
632 758
767 795
183 631
3 590
169 531
835 993
695 959
395 639
643 874
702 993
4 356
835 995
983 984
656 825
282 370
134 459
739 844
887 912
360 907
423 884
626 902
130 248
988 991
336 967
898 990
40 219
558 873
976 979
281 354
51 280
886 949
752 875
544 913
901 931
146 318
99 234
694 830
950 957
939 993
874 990
211 758
165 510
802 856
446 472
136 683
748 755
132 729
569 753
352 873
188 437
44 403
611 850
185 274
272 957
548 661
506 967
571 825
898 976
132 379
621 635
511 975
786 936
85 207
58 777
517 895
408 958
644 708
548 878
734 817
868 949
806 929
49 82
900 960
298 731
290 790
530 623
7 477
338 886
878 916
918 994
929 993
208 704
622 874
589 917
424 437
93 784
579 890
650 972
379 650
237 598
617 916
431 864
186 307
455 571
463 820
981 987
498 814
821 897
468 955
651 892
729 832
506 593
427 716
177 916
226 734
876 908
586 885
84 566
739 825
396 841
824 933
3 539
567 753
24 890
386 728
421 449
731 997
170 478
440 976
630 737
679 798
531 578
651 871
104 754
369 536
791 822
39 504
637 696
419 836
781 801
249 829
69 305
902 956
122 675
541 945
182 902
336 970
614 671
364 705
693 745
440 544
965 966
67 943
412 706
956 962
680 737
127 371
412 635
863 894
317 789
725 806
360 788
903 942
556 882
86 966
892 910
702 805
744 862
722 823
691 929
19 874
391 709
486 966
610 947
787 809
910 976
74 546
462 754
570 669
817 843
740 811
725 891
727 933
406 691
536 771
384 652
314 499
948 997
771 957
120 338
931 961
287 852
868 964
94 689
294 573
127 429
84 424
339 972
704 932
731 983
3 957
47 991
26 897
299 783
904 937
161 426
10 87
391 905
292 362
62 219
751 928
910 958
199 289
427 907
890 989
414 708
287 849
264 634
230 660
453 833
454 658
864 970
919 1000
477 575
260 628
62 739
765 795
300 753
227 731
123 681
837 885
533 915
887 889
383 567
38 435
288 911
67 976
142 973
732 830
900 912
959 990
977 989
184 670
70 894
183 271
666 957
937 952
878 909
799 806
277 302
773 909
14 366
150 951
699 739
37 535
392 589
47 391
92 277
756 786
447 954
965 989
142 518
841 917
535 763
193 923
437 640
736 876
384 789
821 976
162 434
859 883
139 596
237 501
619 662
758 821
965 977
498 725
7 760
272 666
935 961
678 786
43 934
237 466
46 293
414 625
615 793
557 839
855 947
601 824
122 604
844 856
339 738
712 824
89 405
696 740
848 991
864 865
223 266
114 463
920 939
841 871
747 762
68 475
526 974
433 779
992 999
331 399
64 713
479 862
514 900
3 178
893 990
855 917
297 982
312 452
96 574
749 773
5 18
330 511
865 885
213 892
677 774
32 98
114 682
850 921
533 594
167 684
387 898
237 933
726 757
722 732
909 978
482 549
915 960
687 870
95 440
322 609
128 292
547 836
176 912
952 973
232 349
939 981
527 963
479 759
897 997
519 997
570 771
404 893
103 129
546 904
976 984
457 918
586 706
780 801
350 371
731 885
570 790
336 689
106 564
381 892
118 383
340 738
41 699
926 952
437 793
941 970
754 878
892 904
549 831
968 984
157 914
905 961
666 987
451 798
610 870
940 973
948 961
243 750
279 315
936 941
625 889
981 982
957 975
211 379
801 824
828 831
637 939
217 639
686 859
964 975
150 457
266 834
259 801
3 459
943 977
543 729
245 596
179 712
285 417
514 736
479 501
354 1000
635 762
589 655
310 598
211 662
520 891
66 465
70 378
829 949
771 923
507 562
462 968
70 191
500 853
148 526
7 588
249 632
579 755
624 994
800 939
360 970
846 946
110 831
809 879
717 884
908 947
698 955
376 782
345 433
494 656
115 580
157 496
619 846
448 930
815 840
735 904
702 945
139 296
796 897
948 995
886 993
506 631
385 999
314 873
302 868
717 994
248 547
45 500
414 473
426 549
308 612
952 954
882 953
563 964
317 564
538 982
24 385
399 626
73 297
985 989
219 955
586 977
179 802
701 837
308 712
142 155
562 758
811 856
497 502
501 863
334 380
595 999
881 892
969 997
318 402
918 934
240 320
432 937
781 991
85 499
146 857
162 367
875 969
939 991
910 952
193 833
189 478
697 857
698 877
601 612
720 963
9 797
93 355
567 586
638 868
555 695
147 312
168 534
496 758
121 808
98 348
29 31
421 540
402 697
59 896
542 594
851 942
76 525
984 986
964 989
614 836
507 984
806 954
529 783
895 969
322 750
696 802
250 493
76 242
30 762
826 838
840 944
383 803
691 893
539 711
80 223
852 960
628 869
882 984
919 949
757 822
255 819
271 618
688 785
709 910
703 852
530 991
819 966
863 975
805 876
304 960
642 944
971 989
152 952
723 749
986 998
463 568
260 885
514 761
977 979
522 673
225 316
276 541
612 958
266 364
185 515
962 990
553 783
705 900
702 843
621 862
718 743
483 846
774 960
148 711
490 940
407 816
330 361
682 879
283 541
753 798
116 721
884 970
677 908
677 879
41 485
670 796
180 785
463 632
657 913
763 988
88 273
800 836
122 704
31 929
691 815
812 912
488 761
704 885
412 590
523 904
315 648
639 747
583 667
234 863
895 991
370 583
306 774
78 963
552 669
123 433
463 917
358 863
34 411
689 751
944 981
751 962
953 959
675 869
420 838
787 831
461 750
679 910
145 792
45 379
709 801
1 787
648 948
105 660
561 707
757 802
450 968
222 277
617 777
337 807
25 474
150 590
166 331
667 882
362 795
801 829
415 739
9 991
99 810
355 828
501 750
885 951
620 831
914 934
27 435
734 737
102 583
837 868
859 867
314 752
762 941
615 821
84 628
628 974
807 894
498 921
252 747
870 981
805 936
612 660
942 967
349 703
195 702
579 679
148 499
783 865
201 595
706 975
318 595
894 912
148 653
389 757
530 867
953 984
908 976
266 324
9 356
334 696
368 958
801 992
630 908
603 989
115 532
505 878
472 505
501 706
842 1000
417 792
901 993
487 945
892 898
544 865
911 913
241 738
876 930
870 899
337 798
897 930
169 347
895 973
403 604
593 907
287 312
406 746
230 510
10 548
873 874
541 595
687 718
185 302
622 688
379 1000
600 807
632 784
236 735
344 591
108 945
755 854
144 730
538 624
288 920
165 500
250 784
131 403
835 949
774 835
690 923
627 873
608 911
625 775
749 994
644 896
641 786
252 773
789 884
537 605
744 879
146 428
269 898
767 961
237 980
425 586
592 833
791 937
15 252
5 709
265 648
511 651
839 871
625 712
662 724
600 644
390 611
132 797
618 849
637 820
717 726
626 862
375 500
605 686
378 861
853 990
967 996
891 906
809 896
550 712
744 894
316 378
755 923
383 434
287 376
230 904
427 539
613 676
576 864
783 856
452 694
744 849
93 135
417 549
532 595
813 928
503 835
409 512
558 647
969 977
878 929
210 385
562 779
18 909
650 834
757 792
497 569
145 722
238 438
848 852
157 405
271 287
172 692
468 599
778 824
748 777
940 987
3 793
131 388
494 603
316 949
916 942
167 627
360 534
458 920
19 462
629 768
221 739
932 935
165 870
150 783
936 1000
643 699
183 913
466 716
789 940
70 100
844 947
47 325
488 812
866 981
852 935
543 914
99 705
328 487
663 869
836 941
736 977
445 841
533 611
171 622
408 455
253 305
78 105
3 602
206 888
622 647
73 524
526 908
455 853
865 995
444 948
944 971
44 147
740 874
558 828
10 610
866 893
378 765
621 729
566 973
315 692
260 513
591 1000
784 799
537 849
129 183
754 821
991 995
243 690
4 604
75 831
27 135
965 986
754 831
956 963
885 972
97 203
344 822
158 583
187 405
213 260
732 938
276 363
308 827
851 853
441 765
773 973
467 476
929 935
88 301
75 744
8 180
936 964
373 577
161 976
108 613
124 314
354 975
390 620
776 940
700 819
673 832
927 999
699 916
716 776
431 882
348 734
208 332
550 752
193 199
658 698
736 865
208 386
740 808
873 934
719 720
493 949
914 969
378 476
104 215
954 999
682 904
450 810
21 264
588 861
119 235
762 926
88 447
318 571
457 505
956 973
84 610
577 595
597 962
673 898
447 823
668 745
32 573
88 823
616 721
649 683
798 896
983 998
222 270
324 866
734 859
371 763
157 728
952 965
829 965
618 637
648 896
297 792
846 948
633 964
525 933
701 733
331 644
300 786
915 925
773 878
510 584
132 774
898 993
551 943
666 774
905 930
578 891
818 937
141 746
854 937
290 371
51 153
695 902
516 651
651 959
165 245
529 818
459 802
812 867
555 718
535 861
62 195
713 984
675 978
89 156
652 767
885 968
150 391
486 885
387 457
597 993
394 673
453 642
622 720
128 709
724 845
371 422
525 597
25 456
282 651
225 757
268 855
872 936
804 974
170 333
73 512
88 430
261 990
84 527
773 826
346 371
373 500
491 682
547 801
959 967
852 959
2 63
883 915
355 723
796 963
579 955
665 861
242 376
280 596
849 879
378 996
822 991
848 987
744 903
466 683
498 589
456 793
579 792
168 494
975 979
77 823
159 619
296 951
381 627
961 984
940 975
554 815
483 867
255 486
166 657
589 854
643 907
756 805
52 890
726 864
642 943
990 994
487 647
158 213
490 697
895 957
426 940
99 779
582 820
546 864
50 1000
951 976
640 665
285 951
258 673
375 708
25 779
737 984
769 900
493 742
336 488
352 909
877 893
41 465
46 900
490 845
92 444
172 240
365 435
721 844
472 806
616 700
729 876
672 874
121 848
857 893
746 785
167 822
304 755
641 995
124 135
558 950
399 688
272 509
85 322
48 558
590 777
728 869
134 535
589 620
449 606
979 994
181 672
281 820
985 998
82 130
812 993
604 786
55 766
826 940
909 993
515 554
803 983
179 305
547 741
335 795
106 819
893 969
692 873
606 947
34 261
136 375
752 855
436 469
111 576
487 506
579 622
806 853
494 839
414 504
883 916
765 770
339 866
479 843
924 967
234 400
5 510
737 757
874 880
295 425
981 988
643 688
178 299
987 991
485 903
310 994
808 809
375 748
574 767
194 580
273 985
964 967
535 987
489 701
34 70
692 923
685 698
330 430
814 882
330 561
669 891
551 673
786 954
309 500
536 868
886 913
3 947
386 750
100 279
614 637
303 713
938 999
860 980
414 890
251 615
587 645
636 679
645 752
247 638
363 883
430 666
985 993
856 972
179 812
573 872
456 497
707 786
33 522
662 831
335 896
590 596
156 929
344 720
195 750
741 947
530 544
530 968
379 904
857 995
933 938
698 736
13 27
41 329
396 852
445 998
910 979
349 581
306 429
948 990
592 663
421 755
298 749
436 910
573 849
971 980
741 798
143 535
91 689
307 992
260 607
634 756
258 458
952 953
909 917
317 601
752 762
869 983
135 652
433 548
75 649
461 713
176 972
390 678
358 787
923 938
214 876
673 946
809 980
662 791
378 592
634 808
567 819
198 763
567 783
875 980
928 973
12 857
425 475
268 508
620 701
167 447
133 298
414 494
721 921
37 652
577 662
587 680
603 814
290 431
845 974
99 482
82 516
844 957
847 882
914 993
519 613
178 308
620 768
359 717
483 691
835 945
528 727
506 833
931 972
805 962
353 697
262 557
494 986
567 763
99 747
656 790
381 591
433 785
44 574
696 818
145 689
124 430
580 924
511 685
627 824
322 909
252 506
788 854
425 638
432 903
598 676
888 980
720 831
407 930
397 872
511 958
595 799
531 552
18 671
44 723
97 543
883 938
87 989
618 797
20 190
511 558
113 884
512 892
346 936
717 830
239 310
755 779
571 718
446 992
221 302
836 924
366 478
374 620
31 678
278 660
88 531
412 984
174 838
500 823
267 671
874 954
774 837
858 963
770 778
273 625
526 722
555 920
438 600
237 451
758 820
503 597
498 968
819 855
94 159
192 259
773 999
775 913
982 991
49 283
799 848
569 832
873 889
255 736
75 417
682 913
672 836
340 545
640 668
835 898
711 859
122 754
406 666
544 772
392 586
433 882
143 595
96 860
592 954
782 925
24 536
563 852
947 949
785 864
204 474
537 831
641 692
502 543
37 576
416 916
196 346
151 716
394 402
935 941
711 895
577 924
748 814
450 996
889 997
587 823
547 980
138 679
866 956
636 652
105 703
278 829
484 602
494 558
518 825
132 822
924 961
616 950
455 873
615 841
724 792
984 988
81 641
897 925
839 855
60 537
911 936
110 851
502 783
103 965
781 884
272 861
823 884
588 991
308 438
268 678
545 826
238 496
433 730
93 850
393 472
505 904
917 993
12 468
986 993
611 950
251 500
133 804
727 820
127 715
166 744
699 710
637 888
24 159
305 519
523 842
720 868
306 559
700 750
947 980
163 323
299 593
972 978
333 687
55 524
17 364
178 982
412 639
966 987
354 878
837 944
371 954
94 568
475 909
292 387
312 551
32 388
717 862
828 996
533 555
953 960
550 610
364 949
973 988
639 819
833 896
664 824
870 928
828 919
581 846
18 518
812 896
105 194
421 542
219 924
678 917
677 924
906 927
242 290
177 765
373 778
825 968
609 626
610 982
102 365
215 451
166 288
273 671
10 609
693 910
716 820
393 791
942 945
186 333
143 778
17 246
712 877
542 545
765 815
971 975
356 532
781 930
362 886
980 985
100 822
781 910
188 204
407 978
465 471
952 997
674 851
577 633
235 727
776 959
559 663
604 792
81 856
845 908
440 955
731 958
444 694
583 979
673 703
844 986
527 564
74 745
745 998
90 535
553 973
717 866
403 628
793 814
521 712
861 924
603 638
145 373
196 538
712 864
64 871
253 842
262 264
431 455
386 872
252 996
593 640
433 964
563 788
936 974
726 788
582 835
196 478
541 765
709 720
520 910
180 917
505 629
431 782
228 464
794 827
398 721
981 998
715 874
47 103
823 1000
599 916
742 871
168 442
780 976
590 670
57 577
482 920
412 487
114 619
788 970
501 909
494 643
219 546
533 954
32 759
542 940
641 792
275 813
504 931
724 933
693 867
477 781
942 949
718 764
725 858
844 937
600 851
899 928
456 823
191 199
549 559
604 981
662 865
821 879
265 818
233 563
515 607
16 911
299 468
829 874
938 970
284 770
610 924
232 775
679 824
653 755
860 995
703 904
852 855
985 990
929 1000
922 982
728 834
315 401
110 324
203 609
315 951
365 701
252 621
23 522
760 961
963 998
837 870
469 910
207 756
646 722
512 597
823 824
418 862
981 997
693 744
862 908
713 717
766 894
944 987
829 971
346 673
485 894
560 973
669 709
731 980
120 301
218 265
503 709
764 977
173 320
27 290
276 597
313 568
865 893
288 508
604 737
571 698
413 787
222 414
137 887
390 915
431 894
12 73
853 974
229 258
63 225
567 672
207 545
156 555
519 635
932 994
20 571
4 127
320 960
466 728
324 638
233 387
116 791
385 858
140 146
658 992
880 997
196 802
384 895
496 716
713 846
36 885
800 846
474 499
536 642
899 998
118 954
877 987
639 966
600 708
86 409
172 620
403 945
375 509
456 710
813 996
524 873
527 935
957 989
183 938
380 588
119 339
815 988
60 427
935 955
693 783
211 827
623 711
877 938
791 912
665 694
227 390
597 678
450 815
5 521
341 889
516 995
623 941
136 252
254 524
614 896
47 318
890 1000
618 947
142 872
732 884
827 884
218 833
150 796
368 381
914 939
5 238
823 955
198 637
934 950
717 881
389 705
664 748
909 930
217 937
636 655
227 474
977 999
450 726
336 789
774 797
114 129
691 718
263 881
584 642
800 824
418 840
550 762
524 976
838 946
274 997
794 871
508 917
598 780
405 541
468 674
4 409
754 755
121 227
820 882
380 567
925 962
182 643
680 981
605 896
576 690
623 812
407 830
263 567
137 545
597 971
323 885
492 644
170 304
209 493
518 863
68 927
63 115
113 300
496 499
809 852
718 895
456 948
66 616
577 796
244 755
81 269
965 974
683 796
287 429
467 912
203 747
396 477
531 933
504 849
168 625
698 878
584 946
565 739
33 561
413 806
497 692
154 927
875 979
47 866
326 977
84 176
284 297
544 832
812 813
368 400
598 704
273 739
557 937
711 769
291 965
194 946
76 320
959 983
679 989
670 769
147 167
855 888
867 968
540 735
594 756
682 685
360 988
825 960
94 381
332 744
82 969
367 759
35 58
803 991
677 967
796 994
811 838
652 860
654 812
331 905
222 244
726 987
766 948
482 502
764 947
547 684
882 998
387 870
80 328
582 681
65 690
819 916
272 404
247 766
112 590
84 773
393 941
378 827
615 932
790 829
430 627
680 773
701 963
398 771
432 771
740 846
120 474
894 988
101 131
344 858
656 894
497 871
264 691
375 916
687 749
508 997
803 968
506 877
914 1000
982 999
86 400
296 785
219 604
380 776
462 804
389 663
446 931
247 964
110 929
331 719
455 686
241 843
465 805
195 371
491 649
538 920
561 976
352 805
630 965
662 689
529 753
389 955
482 898
584 824
13 75
531 733
450 908
553 850
976 994
610 799
691 948
343 712
965 987
585 892
595 854
291 939
134 524
134 803
220 444
551 953
624 889
546 818
81 319
200 528
698 895
656 762
868 944
472 986
322 573
96 856
256 734
769 791
612 795
168 752
770 860
597 820
129 626
729 797
785 944
698 808
855 938
190 227
90 602
667 893
876 945
106 120
932 944
708 894
120 367
114 917
739 829
673 817
57 295
594 654
952 966
60 901
187 803
743 967
622 990
274 415
319 635
940 951
394 911
42 821
409 642
567 884
675 958
532 996
940 944
563 805
56 434
459 563
578 984
922 993
180 286
553 955
475 614
615 983
108 890
49 747
711 836
536 858
259 799
500 524
241 512
401 739
669 972
594 980
444 706
220 504
912 913
975 999
260 955
607 828
263 612
702 970
924 989
439 689
224 591
519 645
395 916
52 186
360 597
222 731
462 710
363 435
565 998
55 605
389 779
561 907
546 642
925 997
944 945
901 989
114 168
771 895
503 917
562 756
941 953
435 775
525 955
141 218
163 925
891 939
408 991
178 741
890 945
731 994
190 441
888 892
288 751
978 997
939 945
455 539
951 981
673 954
482 917
495 519
738 964
853 930
324 508
953 969
467 781
251 424
158 602
360 378
398 748
89 447
546 647
447 647
375 600
583 859
549 724
707 711
53 717
421 840
373 872
506 561
232 598
235 708
690 737
234 986
775 934
315 928
810 886
121 988
388 457
561 719
607 700
53 959
967 999
150 952
544 638
686 911
734 809
683 752
324 802
704 998
532 578
310 805
913 929
86 516
720 834
812 866
962 991
493 793
267 946
181 976
352 442
764 833
947 954
571 992
69 571
163 536
825 934
352 528
303 519
173 318
711 789
278 843
108 330
87 944
922 997
851 972
406 419
349 983
728 911
43 951
305 637
376 789
735 879
26 497
328 494
974 1000
558 582
296 859
251 735
897 980
533 600
383 673
127 598
932 995
7 207
721 847
57 767
637 676
689 955
998 999
22 622
812 970
100 458
614 712
724 988
510 515
353 785
194 615
149 497
242 706
557 945
804 965
180 580
980 998
389 841
616 913
648 670
128 243
813 868
273 419
669 778
87 752
446 850
99 736
859 959
286 464
770 858
50 266
16 215
798 870
245 265
810 914
461 588
44 150
614 859
446 925
263 363
56 942
300 888
495 810
669 944
873 951
583 587
273 905
167 969
927 985
685 777
782 867
619 939
493 945
43 713
465 889
253 370
624 954
736 851
521 998
214 711
923 977
300 760
782 890
196 766
394 710
435 754
437 496
607 929
736 993
473 688
333 625
523 699
640 939
907 943
153 763
46 486
108 655
426 498
963 967
933 953
291 418
628 998
851 966
211 536
884 923
657 945
851 981
230 788
436 820
977 996
913 946
857 975
18 606
602 657
931 979
11 336
245 420
711 731
575 727
660 731
488 536
642 688
595 738
683 707
67 463
80 871
820 906
828 941
804 982
90 417
177 991
267 854
946 1000
226 275
351 803
954 994
955 994
524 838
182 355
244 339
641 835
79 529
606 831
56 241
773 832
14 828
856 963
716 724
348 597
777 876
982 998
642 667
797 818
255 768
216 427
264 804
658 736
388 421
472 555
295 764
266 472
954 967
776 880
36 774
933 969
28 842
963 974
715 734
259 309
106 789
62 171
189 840
20 522
54 800
591 912
880 934
114 965
226 972
952 989
234 258
720 740
222 643
673 866
638 910
268 594
367 586
252 982
205 838
920 975
218 659
63 531
811 966
321 401
785 912
52 699
148 387
799 980
487 717
31 104
921 963
276 938
558 926
887 969
106 804
793 831
488 806
154 970
568 913
197 390
952 956
154 649
495 540
283 518
310 917
318 368
752 985
81 912
98 465
9 340
711 907
930 959
198 918
461 888
314 675
758 805
724 745
352 960
520 850
227 715
782 948
223 763
500 612
695 882
765 817
916 979
762 880
788 858
492 801
258 778
294 500
868 895
270 293
451 489
981 992
842 850
474 946
848 880
62 877
195 579
495 600
215 721
177 708
956 969
354 922
46 228
859 992
267 269
552 631
873 891
141 799
724 737
454 901
47 578
644 737
419 708
328 811
531 633
59 117
663 917
34 670
318 978
603 739
248 927
325 916
635 882
68 457
156 311
619 996
580 954
54 675
55 248
675 899
112 376
725 884
32 116
568 602
121 519
863 907
50 212
443 672
926 945
433 469
327 601
966 986
886 895
277 695
39 962
65 935
605 873
494 576
131 471
99 300
602 733
790 897
728 761
707 727
227 915
326 631
432 615
510 913
159 515
824 948
367 825
982 1000
107 204
849 927
244 471
486 565
950 991
199 474
876 961
214 417
155 746
837 951
329 791
429 797
605 644
961 996
615 903
304 632
583 617
612 963
282 901
346 444
354 430
209 741
670 876
26 349
14 840
77 629
456 982
929 971
631 742
464 623
48 625
638 702
354 988
830 853
33 264
506 864
868 927
616 971
318 942
721 830
972 1000
552 768
681 713
740 841
642 780
318 574
416 594
104 598
230 649
873 918
42 967
578 898
226 725
111 730
44 112
720 850
810 912
115 969
65 70
772 861
299 564
928 940
738 996
708 822
954 976
210 368
513 639
738 781
232 611
709 810
42 525
698 866
207 265
626 699
89 608
468 960
8 185
110 641
388 575
871 935
795 944
359 528
2 358
969 998
664 926
34 302
689 791
844 882
31 391
919 966
232 731
610 665
12 986
858 862
404 523
27 396
293 560
238 782
864 876
402 551
694 850
759 857
903 915
367 552
675 835
270 981
233 459
14 893
750 998
400 748
969 978
683 881
302 768
57 93
48 383
653 753
538 691
43 619
774 982
499 650
321 686
438 512
234 742
667 754
526 935
924 960
793 995
510 687
793 970
1 424
582 767
50 854
910 956
352 382
415 778
578 887
978 992
645 705
532 644
479 640
865 886
723 763
85 710
517 857
59 577
315 834
259 948
599 622
189 577
538 557
983 988
47 443
795 992
459 579
293 945
24 243
188 377
691 970
268 928
685 926
338 644
675 965
306 405
552 733
586 596
348 972
844 952
79 335
332 613
700 857
717 852
385 552
264 974
399 510
289 341
529 932
863 968
608 888
398 504
474 572
535 719
653 683
355 607
277 593
538 948
320 414
650 830
400 787
372 541
701 776
130 715
151 374
829 928
513 532
648 909
507 523
372 413
605 682
379 574
221 636
780 879
108 405
106 865
443 783
832 917
109 655
362 902
651 940
210 487
474 984
505 674
890 970
40 800
366 414
556 627
769 883
176 570
832 992
526 782
530 951
476 967
832 978
190 251
807 886
111 893
514 897
425 909
492 898
810 838
314 395
834 985
576 748
238 588
455 652
451 698
6 133
929 936
23 453
869 941
441 927
878 885
265 972
689 873
983 996
660 688
681 995
15 865
473 589
688 790
636 900
444 631
926 1000
142 366
787 901
302 573
184 903
7 705
104 923
278 820
873 995
113 644
510 952
379 940
701 860
896 923
961 990
252 504
478 890
480 895
943 946
297 936
203 974
919 986
649 843
669 856
645 709
968 991
30 770
451 975
56 986
691 765
910 995
634 670
286 945
193 480
561 958
637 964
349 545
471 554
2 17
699 988
52 595
915 949
105 346
86 651
273 644
413 562
709 759
120 610
301 357
48 661
929 986
609 864
264 371
98 711
560 722
506 620
803 895
173 799
746 758
388 507
968 980
938 998
63 562
776 945
147 750
60 676
472 780
455 944
868 931
182 390
93 785
834 881
620 950
144 965
461 532
388 676
461 508
621 734
687 832
623 965
490 612
654 989
322 855
767 946
459 513
883 887
51 500
650 699
279 444
178 631
48 1000
364 518
712 991
635 899
494 851
799 954
738 982
920 965
167 227
338 700
687 770
849 925
855 922
629 864
923 935
483 809
222 422
201 906
248 367
65 123
706 850
789 901
68 892
433 944
839 906
917 966
550 918
827 929
954 975
194 808
574 613
756 855
74 158
487 890
668 727
352 765
944 984
769 982
619 784
34 175
584 666
780 820
201 969
703 780
745 861
466 896
447 608
944 997
181 187
497 640
858 972
205 225
896 943
258 615
329 954
978 988
73 706
294 556
167 625
695 754
7 846
182 250
548 813
876 903
731 933
808 958
382 852
946 988
26 154
198 569
529 618
128 166
13 352
141 403
621 753
386 489
379 610
50 788
918 937
796 929
347 459
90 504
485 886
353 546
215 905
336 799
282 820
77 526
163 694
10 104
323 856
964 983
368 725
250 973
888 957
217 361
437 805
558 716
236 954
318 973
681 951
30 779
971 995
852 986
923 994
299 662
69 107
93 794
279 595
182 580
463 828
986 996
194 723
353 791
880 921
114 784
617 626
458 828
523 884
682 970
450 716
259 620
338 908
894 959
504 670
828 918
307 922
84 121
944 952
84 359
212 420
517 671
377 441
452 565
608 766
244 680
546 764
367 508
503 840
755 873
119 635
302 947
590 836
77 90
99 938
233 388
960 980
158 780
838 869
457 865
859 916
697 960
78 250
521 831
479 482
233 837
598 995
293 938
182 330
384 613
99 917
495 626
24 41
273 761
769 950
767 789
595 969
496 858
249 591
735 747
20 580
69 909
344 514
754 764
152 619
395 857
41 385
593 912
554 896
371 606
527 796
41 167
386 945
536 969
615 959
30 490
272 466
49 191
553 743
772 859
712 967
965 981
379 693
130 363
721 932
482 784
932 942
734 986
42 315
44 962
811 868
801 933
726 867
460 703
680 961
169 800
77 837
533 934
501 548
561 808
371 414
16 647
670 978
808 910
643 821
693 934
633 769
124 774
61 376
395 926
520 567
520 894
299 433
894 954
449 477
943 965
721 824
312 649
710 871
239 411
622 839
482 582
444 494
707 738
395 630
568 750
823 839
788 852
638 743
918 1000
880 949
689 697
618 696
744 860
789 918
896 908
596 986
97 188
280 425
139 861
233 413
28 458
639 940
783 970
142 836
139 391
845 918
398 636
174 593
673 931
10 396
340 390
170 770
48 201
674 967
845 973
308 375
581 745
35 112
342 453
28 991
420 869
298 332
769 930
182 328
248 906
395 648
478 554
257 830
650 944
38 838
505 667
928 971
12 777
960 962
715 997
4 303
224 748
768 779
935 970
710 799
876 889
175 853
609 849
108 409
865 956
334 717
174 719
139 445
877 913
694 923
623 690
957 970
316 893
246 946
109 950
443 991
417 874
286 385
356 734
187 558
878 997
859 874
196 583
406 425
18 408
41 763
643 693
261 342
228 526
93 528
123 816
567 574
145 843
948 974
574 856
525 927
125 512
532 787
144 273
505 533
235 660
621 763
169 715
381 716
365 839
554 668
11 674
771 882
647 814
885 965
