1333 41 5
13 6 32 15 24 30 35 22 21 3 34 31 5 37
11 9 20 2 18 36 6 3 21 1 40 28
26 36 1 24 19 2 27 26 25 4 5 29 34 21 30 3 9 20 38 31 37 40 28 41 12 11 10
18 26 17 14 20 16 22 33 21 3 41 10 19 30 4 2 18 1 27
18 2 29 3 12 8 21 16 20 17 34 23 14 39 30 5 22 7 37
22 14 13 8 28 9 36 4 31 20 30 2 19 24 38 21 34 16 37 39 27 5 33
16 10 5 13 36 17 35 19 15 22 39 18 30 33 6 29 12
12 17 37 28 4 18 14 35 29 6 13 31 22
22 9 14 21 32 1 13 10 3 19 24 16 37 31 8 40 5 7 33 4 12 34 30
23 12 4 31 17 20 24 9 7 36 33 30 6 41 32 13 2 10 19 22 25 40 18 28
13 18 2 36 5 27 10 4 24 9 13 6 39 31
14 28 1 19 8 2 23 17 21 29 30 27 31 25 3
14 3 13 2 24 20 22 33 14 32 36 8 10 37 26
27 22 31 9 17 38 18 39 33 20 8 30 15 12 3 2 34 23 35 1 13 21 37 16 10 41 11 19
12 36 25 34 6 41 17 27 39 31 20 10 12
27 10 32 3 1 2 30 6 31 21 35 23 41 9 34 25 7 11 15 20 37 18 27 39 12 28 36 13
23 18 19 39 40 24 11 5 22 6 23 34 4 8 14 2 27 29 32 31 33 30 1 10
19 11 28 36 33 32 37 16 41 35 15 18 38 6 25 24 4 27 7 34
27 22 35 12 36 6 32 38 41 23 39 21 8 33 14 20 24 28 5 30 37 13 11 16 25 18 34 17
22 6 15 8 35 25 10 34 13 19 22 38 5 36 26 3 41 32 18 23 2 4 28
10 32 7 14 38 2 35 6 13 3 20
22 29 10 33 39 31 36 18 20 16 13 12 4 37 14 27 28 9 41 2 30 1 26
19 37 38 11 22 36 5 13 41 27 4 23 30 21 14 2 35 16 10 8
28 28 34 14 8 23 5 29 15 10 41 38 21 31 19 37 18 40 7 9 35 20 4 3 32 1 30 36 22
14 38 31 39 4 16 17 7 5 40 32 33 26 8 25
22 29 15 40 9 17 34 5 13 6 22 25 4 28 30 37 3 10 19 21 11 38 2
11 26 20 23 29 11 21 32 1 28 33 19
8 39 2 8 34 17 15 3 18
20 5 35 23 11 17 26 27 15 40 10 32 4 1 18 21 30 8 33 13 2
13 40 22 38 26 3 5 32 29 28 15 7 36 20
8 23 2 3 28 40 6 25 20
14 31 10 36 5 22 1 39 40 20 37 26 14 2 13
8 29 28 17 30 18 34 40 14
19 14 34 29 33 2 4 41 3 31 17 20 5 11 32 40 1 18 10 37
8 24 31 34 30 21 38 9 2
23 26 21 12 32 28 16 33 8 7 9 4 18 29 1 13 14 40 15 31 5 30 24 35
14 8 26 23 38 33 15 27 28 40 41 36 9 21 5
12 26 2 13 41 18 25 11 39 4 21 9 6
19 4 21 2 22 41 6 1 25 30 16 17 40 36 19 20 18 3 34 14
11 19 37 12 9 6 39 14 24 21 1 22
20 38 14 16 33 22 18 4 3 36 39 32 13 1 41 10 37 27 2 20 26
19 15 31 20 35 33 17 8 18 26 24 13 40 6 19 28 16 5 2 29
17 26 31 4 29 34 9 3 7 6 11 39 25 10 23 15 36 24
11 25 13 4 6 41 38 31 22 19 40 32
22 5 18 2 11 16 39 17 9 38 12 10 27 34 20 7 36 14 22 30 6 19 3
10 30 20 19 40 23 37 22 32 5 34
22 25 19 11 8 34 41 31 7 2 33 36 12 28 9 37 6 32 40 18 5 23 10
14 2 32 25 24 16 12 8 41 15 29 26 11 1 28
25 8 29 20 9 15 32 40 17 26 41 37 16 22 38 33 11 14 12 6 2 28 35 7 23 39
8 11 3 30 41 36 25 35 14
13 41 13 7 19 27 29 2 1 8 28 33 15 25
26 10 29 41 15 9 26 23 40 39 3 31 22 8 1 5 27 11 18 32 20 37 12 6 36 14 35
20 21 19 31 33 6 20 15 28 13 8 25 17 18 32 35 4 3 14 10 16
24 26 27 21 32 40 6 35 16 4 37 41 14 12 15 7 11 19 25 13 38 29 5 17 22
21 12 14 34 20 18 11 6 36 39 25 33 30 32 15 7 3 27 2 19 17 21
13 27 6 7 9 16 17 39 30 15 40 24 3 33
10 15 27 34 36 25 12 19 3 22 33
27 19 12 13 11 1 28 16 35 6 14 33 22 2 7 36 25 29 15 37 32 40 9 5 8 31 38 21
26 21 28 11 20 5 9 17 36 10 26 3 39 8 16 19 7 37 1 41 14 13 15 22 24 31 32
22 35 32 28 19 27 6 3 11 26 23 9 30 36 39 14 4 25 37 34 16 24 33
20 19 16 38 9 7 24 4 28 5 30 36 27 11 21 2 3 18 29 17 31
12 5 6 29 19 9 22 35 2 28 4 30 27
11 1 38 31 22 14 5 10 3 27 33 6
8 5 8 25 12 23 11 6 1
22 35 37 32 29 9 11 24 14 36 34 2 31 3 15 25 18 16 41 28 33 27 40
24 39 18 19 2 41 22 6 40 29 4 21 13 20 12 3 25 7 8 34 24 30 38 17 26
15 23 36 26 2 20 15 4 28 16 11 3 37 10 5 14
17 28 19 39 24 15 18 40 3 10 25 26 36 17 30 29 13 2
21 15 10 5 34 29 31 33 9 20 32 13 6 19 38 2 11 40 24 28 35 41
22 28 18 22 3 41 29 12 7 35 16 30 24 9 4 32 36 33 31 27 10 14 38
18 6 32 14 7 15 38 36 18 5 20 37 25 35 21 28 16 34 1
9 11 18 16 22 7 29 1 23 35
8 20 7 6 15 37 16 40 2
12 25 14 9 1 33 24 17 26 27 40 18 4
26 15 1 21 41 37 33 14 19 3 32 4 23 30 38 22 11 10 5 7 28 27 16 24 29 13 31
15 28 5 13 16 7 40 4 6 36 33 24 31 30 41 12
11 40 34 28 26 36 18 35 6 29 15 10
20 24 7 23 35 37 14 40 26 19 41 38 34 15 8 6 22 4 25 21 13
22 4 37 34 22 3 26 13 18 15 20 8 35 21 6 38 30 11 12 1 2 19 24
9 19 25 7 14 22 32 28 4 38
13 39 38 14 22 5 41 37 13 25 35 23 33 34
13 22 24 29 31 40 38 3 2 8 41 28 16 6
27 8 30 15 7 2 18 27 40 5 19 39 12 34 36 31 13 29 21 24 38 22 3 4 9 41 17 14
28 4 7 31 19 24 28 8 23 38 37 27 36 17 26 13 16 22 15 40 35 33 32 30 20 10 12 1 18
17 21 16 33 34 15 24 38 9 1 12 5 18 8 7 29 4 39
27 28 17 2 13 36 38 23 11 10 32 40 12 3 41 37 39 8 31 14 6 35 16 19 29 5 33 34
23 2 9 20 7 4 30 11 5 31 34 37 39 25 41 12 21 1 28 3 27 36 14 26
24 40 1 18 41 5 32 27 14 17 19 6 16 33 12 28 3 34 31 39 21 36 10 24 2
8 22 36 11 21 7 39 34 18
14 1 27 40 28 38 32 24 20 31 12 30 5 34 14
15 24 15 10 20 17 9 19 40 18 26 29 33 25 28 23
15 17 7 18 38 9 22 40 2 21 30 13 35 31 19 34
13 5 7 22 28 16 1 2 37 27 9 4 15 30
11 3 35 36 26 23 18 29 15 9 22 24
8 36 30 22 8 24 29 33 31
28 29 11 8 4 41 13 7 40 30 26 34 28 25 39 22 18 1 12 37 24 23 33 15 14 27 21 9 38
18 36 14 19 35 39 27 8 22 25 10 31 1 24 29 28 2 20 17
26 31 9 4 38 8 3 34 6 22 30 2 26 15 1 36 28 18 5 11 39 41 20 24 19 12 17
10 36 37 12 23 38 31 10 39 28 6
10 2 39 7 36 28 25 26 27 1 24
18 33 4 30 39 14 12 31 5 1 16 24 22 3 20 29 10 27 8
25 20 16 2 34 25 30 11 31 8 5 15 38 41 10 29 19 27 35 9 6 3 36 1 4 26
13 21 2 18 27 40 23 3 33 25 12 37 41 4
28 38 14 12 26 32 9 7 25 15 16 19 36 37 28 22 29 4 30 18 1 31 24 39 11 3 34 21 35
20 14 34 37 19 20 32 29 5 16 15 33 10 18 39 31 3 38 27 1 41
24 25 1 19 12 17 28 18 31 22 40 33 23 38 9 32 6 11 30 26 2 5 36 4 39
10 27 41 34 8 6 26 16 25 3 18
9 23 24 28 11 21 3 31 40 29
8 19 5 27 22 34 24 41 39
26 2 29 16 21 31 24 10 41 12 5 39 3 4 13 26 19 22 7 37 25 8 27 28 15 33 23
27 6 27 26 40 7 33 38 20 11 37 13 16 41 39 29 9 14 15 17 28 1 34 18 30 2 31 22
10 8 6 3 22 32 19 15 1 20 11
25 24 12 21 26 1 10 36 8 17 4 14 32 18 31 41 20 38 39 5 13 34 2 6 29 15
20 22 32 19 6 3 1 21 40 28 23 16 38 5 13 17 4 26 2 14 39
8 39 38 32 4 16 9 18 25
24 14 16 33 30 12 39 34 38 3 17 20 25 19 8 10 41 29 15 32 23 27 9 24 28
18 1 12 13 8 30 39 19 33 24 37 18 10 35 6 4 9 20 36
19 9 38 20 21 39 40 19 30 1 29 10 18 24 36 22 15 16 8 4
20 38 10 17 39 9 40 33 28 41 11 7 29 12 27 22 24 23 19 37 13
16 13 21 27 5 24 38 36 29 33 28 1 25 9 17 20 16
19 4 18 2 9 24 14 20 17 15 6 37 26 30 28 7 10 41 25 40
25 8 2 20 1 19 26 6 13 30 7 32 38 21 12 23 22 27 31 5 41 4 10 9 35 14
20 22 12 6 14 8 25 15 40 2 29 32 39 18 30 35 27 4 20 33 10
25 17 38 12 23 8 14 28 20 2 31 3 19 18 13 37 34 1 26 32 41 27 40 5 36 35
10 32 14 15 17 5 29 11 3 38 36
24 10 3 16 21 8 9 40 31 5 17 22 38 30 27 1 39 18 32 20 28 24 19 35 7
13 36 17 12 33 3 31 14 22 32 2 19 16 41
17 19 41 24 26 15 20 22 2 6 27 14 33 9 23 36 31 32
28 15 13 1 5 40 38 2 7 34 29 28 26 31 6 8 11 22 24 41 17 32 37 36 10 9 25 23 19
15 27 31 40 18 36 6 24 16 22 35 21 38 8 33 4
8 2 27 18 35 40 39 41 31
10 35 8 36 9 13 19 1 33 22 17
13 8 24 6 3 22 14 37 9 13 19 36 26 28
21 5 10 40 18 21 23 16 31 19 25 6 34 35 9 4 11 2 17 24 20 28
16 3 20 16 41 7 34 6 11 23 28 9 4 19 38 37 24
20 22 11 5 25 2 14 17 16 28 37 13 4 15 38 3 20 9 18 24 32
9 26 37 28 22 3 25 18 32 38
8 18 30 39 10 38 40 9 25
9 10 4 5 29 20 37 35 30 19
10 27 40 33 30 32 6 37 38 3 2
10 29 21 14 16 20 39 36 35 19 24
22 19 11 40 10 41 29 15 30 28 39 36 9 37 27 32 17 31 33 7 24 4 14
10 28 13 31 10 7 25 26 22 5 8
13 28 15 16 13 36 1 10 34 32 27 35 26 31
8 19 25 14 38 12 26 6 35
14 19 11 1 17 38 27 13 12 37 40 22 7 28 25
25 17 36 38 9 23 20 27 7 35 28 30 14 11 26 5 24 19 13 4 34 1 37 21 33 10
27 2 35 37 23 1 34 11 24 36 38 33 25 8 17 41 39 22 29 31 30 9 40 28 5 10 6 32
9 27 32 18 7 3 36 8 31 24
26 31 30 39 38 37 23 11 34 40 2 25 10 26 20 1 18 6 24 36 27 8 15 41 14 29 7
19 32 4 13 37 24 25 28 29 6 38 10 20 41 9 12 1 40 17 16
10 22 11 37 7 34 16 32 4 23 39
10 14 6 30 15 24 12 3 29 39 10
21 34 14 28 35 18 19 6 29 8 23 27 13 30 4 17 25 41 37 16 3 36
26 1 25 8 10 13 39 18 40 9 35 30 15 31 36 27 6 7 37 22 23 28 41 34 21 11 4
20 12 16 28 32 23 31 13 9 26 34 2 5 6 39 18 10 19 14 35 8
9 20 31 21 26 23 9 34 6 12
25 25 10 33 5 16 24 11 15 2 31 36 40 39 6 29 20 41 13 1 32 12 8 3 19 28
27 40 13 19 32 33 41 9 12 27 28 37 2 21 14 6 15 1 4 18 39 3 17 31 22 25 7 34
10 18 10 2 34 40 21 11 39 5 19
14 19 16 35 11 39 18 28 15 27 21 33 25 29 10
18 27 13 19 33 25 4 15 6 31 34 14 8 30 38 24 32 21 7
16 2 33 39 17 38 23 29 31 20 24 10 28 36 34 40 4
27 11 32 5 28 3 34 39 36 16 17 12 33 8 29 15 23 25 27 21 24 13 1 31 4 19 14 40
9 20 19 31 12 26 22 5 8 9
9 9 33 34 22 13 31 3 17 2
9 11 23 21 9 36 18 14 2 22
9 39 2 27 15 6 38 9 34 35
12 30 6 25 40 20 2 9 17 12 35 28 19
11 17 28 11 22 26 13 32 8 9 33 41
20 16 7 31 17 34 8 28 19 22 2 9 10 6 37 27 39 29 18 32 15
14 27 30 23 32 31 15 40 3 19 9 20 12 34 22
24 15 20 24 18 39 2 25 3 34 4 8 11 12 41 1 27 5 33 28 38 9 35 36 32
21 35 11 34 14 29 24 5 33 7 21 15 26 12 10 36 31 27 16 18 22 1
20 4 33 29 28 32 35 6 12 40 27 23 22 26 24 21 2 19 1 7 5
20 12 31 16 10 14 34 2 18 29 15 35 13 4 11 9 27 3 19 1 28
27 10 22 27 23 38 30 14 29 4 33 34 21 3 7 24 36 5 19 35 1 32 17 11 41 39 18 28
25 8 41 23 21 7 25 40 6 12 18 2 15 9 28 38 34 20 10 29 13 39 33 14 16 35
28 11 14 20 1 15 27 38 13 6 7 29 19 22 3 25 24 9 35 23 31 10 2 12 37 40 5 33 28
13 6 19 34 18 2 15 33 24 9 5 27 16 12
26 37 24 13 40 4 35 2 31 1 28 11 38 39 19 22 41 32 17 3 20 21 16 26 12 15 8
16 23 31 21 2 38 17 25 26 12 16 20 36 8 33 14 29
13 3 29 25 7 28 12 17 23 36 5 35 20 8
18 40 16 8 12 5 6 30 32 29 38 3 34 1 37 27 24 18 39
18 30 10 35 6 28 5 9 13 7 27 36 39 17 8 26 20 1 4
8 37 12 8 16 24 3 11 13
17 34 21 31 35 24 5 6 9 4 2 11 28 41 22 36 12 7
9 39 37 14 10 29 18 35 8 28
8 34 6 16 38 29 23 11 15
18 17 16 35 4 32 18 37 36 19 41 24 23 6 25 31 33 21 27
8 8 31 9 2 37 25 12 6
24 20 29 21 10 13 6 5 35 18 9 36 14 7 23 27 26 11 28 39 12 19 22 25 4
13 23 36 22 13 32 21 39 10 5 7 2 41 25
11 20 4 37 38 41 13 7 29 9 25 5
21 17 12 2 38 13 27 20 40 24 26 23 10 31 6 35 19 29 15 25 4 9
10 21 20 15 16 41 28 7 5 9 11
9 10 16 14 2 1 33 30 13 20
28 37 18 17 28 4 25 16 1 33 39 23 3 41 21 15 11 9 24 14 10 22 19 38 20 30 13 6 32
12 11 25 8 4 9 24 6 21 29 10 3 17
15 39 22 9 10 38 12 37 30 14 11 19 5 31 33 41
12 16 15 20 11 6 36 39 3 24 14 41 5
8 24 16 15 22 37 35 39 8
28 17 14 24 32 1 11 38 7 40 21 22 20 29 26 3 4 34 27 39 41 36 6 15 10 2 31 30 8
11 10 7 1 28 38 30 12 24 36 40 29
10 7 33 12 4 32 11 27 39 8 40
22 27 36 16 14 9 35 18 29 12 2 31 19 8 38 28 3 7 1 26 20 39 22
9 38 21 8 15 16 13 40 18 17
27 35 6 1 36 2 19 21 20 3 4 39 11 37 12 40 10 18 13 32 29 31 14 38 16 15 7 17
11 22 26 12 3 2 37 17 8 34 14 13
16 28 4 6 41 11 18 31 17 38 35 16 10 30 25 14 22
18 38 16 29 2 10 40 7 32 20 31 13 12 8 28 18 5 17 27
19 21 39 27 1 11 19 22 20 14 36 24 16 33 35 2 9 3 25 4
16 41 10 1 30 25 4 32 40 34 16 35 6 2 14 33 13
15 13 22 20 28 37 7 12 16 8 34 33 21 5 36 24
25 17 1 28 26 15 21 4 30 14 38 11 20 34 39 36 41 8 40 16 10 27 22 31 12 13
21 35 14 20 1 17 18 41 36 5 22 37 2 7 32 34 23 8 27 38 29 28
22 41 36 22 39 21 15 16 25 20 9 24 19 31 37 40 4 18 34 33 29 10 38
17 40 12 32 19 2 35 37 33 28 8 21 14 7 13 25 18 9
12 29 40 32 12 6 27 37 30 14 21 15 23
9 10 31 9 19 39 20 14 5 37
21 21 29 16 36 6 20 37 4 13 15 22 24 32 14 3 23 28 26 35 5 41
9 9 18 40 30 37 13 33 23 15
28 36 18 23 28 19 40 5 35 38 7 30 11 1 32 31 27 12 6 2 33 37 29 20 17 10 21 3 16
17 24 31 7 13 11 18 17 8 34 32 4 19 6 40 26 35 14
15 34 30 5 9 6 35 19 1 7 4 2 17 32 26 22
9 25 37 35 30 36 8 12 18 22
14 10 36 1 15 37 33 34 27 5 38 40 21 32 19
24 10 24 36 19 30 14 11 2 38 15 33 3 8 37 9 27 13 40 20 16 22 4 29 6
16 28 40 13 5 3 31 15 22 23 36 41 21 19 35 17 6
25 14 30 40 9 31 38 19 37 11 5 16 15 28 3 27 33 1 2 10 39 41 36 18 13 20
23 10 17 14 7 5 19 32 40 27 11 35 29 20 25 6 41 23 22 1 36 3 33 24
20 39 9 28 21 33 36 2 16 19 15 14 10 30 23 41 6 11 4 5 25
13 4 22 16 17 35 30 19 29 20 11 3 28 2
9 25 35 9 29 2 17 18 7 10
22 35 29 2 13 34 30 38 5 20 19 28 4 18 32 40 1 33 15 24 9 23 27
9 14 19 30 36 18 27 20 24 26
11 39 21 36 26 30 1 34 37 33 5 20
25 23 40 27 21 39 9 10 29 38 30 14 24 5 18 35 22 11 1 34 13 37 33 32 25 36
13 28 19 1 11 2 8 14 5 31 12 9 30 18
24 30 15 10 25 36 34 14 17 31 23 37 28 4 6 11 33 40 21 41 7 9 24 32 16
24 25 37 30 36 18 20 2 19 21 29 16 27 17 39 13 23 33 9 32 11 41 6 14 4
14 4 15 33 32 13 7 22 12 39 38 2 34 37 18
14 12 24 6 17 11 18 28 41 4 36 2 40 34 38
19 21 26 13 11 3 40 19 23 9 37 8 15 34 31 35 38 12 28 6
17 39 30 41 26 35 8 2 38 34 25 37 5 24 40 31 1 33
27 12 31 17 34 4 32 27 8 19 6 25 37 1 35 7 11 18 28 29 16 33 39 20 23 5 9 30
17 20 6 8 1 10 17 36 7 22 34 4 11 29 18 35 14 31
21 3 33 34 40 35 1 4 26 9 17 18 14 29 5 23 32 24 28 15 25 11
14 39 33 9 17 18 23 29 11 12 16 41 7 40 36
25 32 18 41 37 24 23 30 28 9 27 34 7 40 11 5 36 25 13 12 20 19 21 15 3 4
9 10 24 18 16 41 22 31 27 34
17 13 17 7 22 20 8 35 10 26 33 14 24 37 19 36 1 31
27 36 22 13 10 29 33 23 37 14 21 35 11 1 24 41 12 31 6 26 32 8 25 27 28 34 39 18
23 5 36 13 18 3 6 14 34 19 10 40 2 15 24 22 16 41 1 29 27 11 37 9
14 35 5 39 28 38 10 14 1 11 17 16 21 24 31
28 39 28 2 35 1 26 15 13 36 37 27 25 23 22 20 31 12 29 16 34 8 38 18 6 21 4 5 9
12 31 3 28 24 30 1 13 18 23 20 33 35
15 41 39 22 3 40 17 35 10 2 15 8 18 19 25 4
20 4 37 35 25 14 31 33 26 10 12 38 20 9 1 3 17 2 5 28 41
19 33 14 41 3 20 27 4 32 10 9 37 28 25 29 16 31 8 26 1
11 3 31 20 24 26 29 7 32 8 30 39
12 27 36 16 11 33 1 5 3 40 31 29 37
23 21 4 12 2 38 3 13 5 36 24 14 31 40 39 32 25 34 1 15 9 33 17 7
8 1 28 4 31 29 3 26 39
23 9 1 19 8 36 40 39 41 12 3 14 34 31 24 18 11 22 21 4 38 5 16 13
18 29 33 39 9 21 28 8 12 4 20 7 36 26 15 24 40 10 17
21 20 37 16 36 39 3 17 21 6 29 28 8 26 35 15 19 30 18 25 23 38
19 22 9 31 13 27 15 6 28 19 1 18 25 38 35 8 5 39 21 3
16 37 18 32 30 20 25 11 31 5 12 29 15 17 26 24 33
17 27 41 23 33 29 31 4 14 8 3 36 20 12 40 9 35 24
27 17 4 41 15 34 9 3 11 5 16 32 20 22 8 29 25 31 24 1 38 7 14 12 36 35 23 27
19 6 21 1 4 15 18 40 34 41 39 12 25 29 24 16 30 13 23 26
15 14 1 18 29 34 28 10 20 32 19 30 6 37 3 22
17 21 2 16 30 19 26 23 24 5 9 18 11 40 27 20 37 41
8 12 1 10 35 41 6 20 32
25 28 8 18 40 3 33 35 4 5 31 17 41 14 6 37 38 12 23 19 7 16 39 32 2 10
15 11 41 22 24 2 4 1 37 38 17 39 27 35 30 19
25 41 22 25 31 12 27 15 35 24 32 14 10 16 8 4 1 3 37 13 30 7 5 9 39 19
9 16 36 39 5 1 21 35 2 8
18 28 32 15 19 9 14 2 40 33 1 41 24 39 21 17 10 25 8
18 35 26 34 39 8 12 41 25 40 14 9 31 21 1 28 10 17 13
11 16 36 30 15 5 25 34 18 26 17 22
10 9 1 31 8 22 15 33 4 2 37
13 13 9 36 30 21 33 5 15 24 20 7 29 8
8 4 41 35 6 1 26 18 22
23 22 18 16 14 13 2 21 19 15 32 7 8 33 31 1 39 11 10 17 30 35 38 27
21 5 33 31 22 20 37 2 39 23 9 36 32 18 16 26 4 28 17 6 41 3
23 20 21 15 3 10 22 36 19 27 5 25 4 12 34 35 24 28 14 33 11 39 23 6
23 27 34 37 16 39 29 20 6 30 12 9 40 38 14 36 10 1 7 35 5 28 3 15
24 2 25 3 17 19 34 29 23 16 20 11 28 41 10 18 24 40 4 36 8 12 5 26 6
26 37 19 17 33 24 4 15 28 30 35 9 32 12 40 23 10 8 3 2 31 11 38 21 39 36 29
16 4 19 34 38 32 27 13 12 16 5 3 6 17 29 36 28
9 25 2 20 32 38 26 18 30 5
14 13 8 38 36 20 27 31 39 21 4 32 23 6 29
8 26 17 27 20 22 15 12 32
28 28 38 26 25 35 5 32 2 17 3 4 6 30 39 36 33 37 11 19 14 10 20 40 27 41 22 8 7
27 18 37 26 5 2 33 27 25 34 32 23 40 15 7 28 19 30 36 8 41 9 31 16 6 12 3 39
19 38 30 29 15 3 14 20 19 26 6 23 8 24 31 2 25 10 34 27
15 4 37 8 27 25 16 10 33 38 17 34 12 31 24 41
8 5 14 28 36 2 18 38 1
8 19 8 26 38 17 30 18 9
21 31 26 7 34 13 23 37 3 19 2 11 12 27 6 40 18 14 36 4 29 17
9 41 6 35 27 14 20 39 7 37
27 39 22 17 31 20 35 8 33 2 27 4 1 36 12 23 29 28 6 7 37 10 26 32 41 13 15 25
25 40 4 33 21 39 9 29 14 10 8 11 35 17 28 22 23 38 13 41 12 36 34 6 31 15
8 7 40 4 9 13 25 1 15
27 27 3 15 22 31 33 17 5 29 32 1 36 24 28 37 14 11 12 9 7 26 23 8 16 13 6 2
25 12 28 22 6 11 14 9 36 26 18 35 37 38 5 2 31 24 33 41 3 25 27 32 10 1
16 31 29 39 12 36 22 33 41 35 10 5 4 17 23 15 27
24 6 28 39 7 38 16 13 10 41 11 17 15 31 40 19 30 3 33 34 20 9 36 8 29
10 39 13 7 41 21 10 38 11 27 4
13 41 17 4 35 24 13 23 25 29 40 20 15 34
16 14 2 18 37 5 15 11 38 39 34 41 12 28 3 7 23
9 5 41 19 26 28 2 7 23 9
11 12 40 6 11 7 16 25 36 5 20 35
8 9 11 20 34 37 3 15 18
28 36 11 18 31 41 15 34 1 10 20 7 26 29 14 23 27 35 37 4 24 40 8 21 17 32 13 5 19
22 37 34 17 13 21 4 40 28 9 5 12 23 30 33 35 16 6 10 3 38 20 24
25 38 40 36 24 4 21 39 27 32 26 11 7 5 13 18 35 22 30 20 28 8 34 16 29 25
12 14 12 2 5 29 35 22 21 31 23 3 32
25 4 40 18 34 13 38 3 33 8 2 16 7 20 15 37 41 39 25 21 24 35 9 22 23 6
18 25 35 1 18 33 10 29 40 17 31 16 19 12 8 13 30 3 6
12 9 35 30 20 13 14 22 16 4 19 18 28
15 20 32 9 27 17 25 12 4 26 41 34 22 33 38 8
28 18 30 23 36 14 38 9 33 3 2 21 8 25 4 6 24 13 22 28 7 35 39 19 29 34 16 32 12
25 9 5 10 6 33 26 32 8 7 13 20 27 18 37 34 12 3 29 17 35 14 24 28 40 21
10 28 41 3 32 4 40 19 1 29 15
26 17 27 18 5 21 33 29 1 16 36 10 28 41 6 7 32 40 11 30 26 3 31 22 19 39 20
14 4 5 1 13 12 16 2 41 35 31 25 34 9 37
28 34 38 27 3 23 16 33 24 12 25 22 13 1 21 9 6 20 41 32 2 30 18 26 15 40 39 14 19
20 18 5 20 7 19 37 34 15 22 36 9 2 24 16 17 39 21 31 25 35
22 33 12 31 29 34 37 16 6 2 1 18 21 25 35 8 4 20 13 14 38 36 7
10 26 5 7 36 1 10 2 32 39 13
8 29 33 22 39 5 2 13 31
10 19 40 35 32 29 37 28 13 25 1
26 33 29 23 36 13 40 11 21 30 12 39 24 27 35 3 31 15 19 37 25 16 20 34 8 5 18
28 39 7 11 6 3 20 16 41 32 22 29 4 25 27 1 12 28 35 33 17 9 10 38 13 34 24 18 31
9 29 2 33 6 19 26 36 24 21
11 33 38 32 23 25 40 28 18 29 9 30
14 4 37 40 32 21 27 3 15 2 6 28 41 38 19
12 29 19 2 35 13 25 12 24 36 23 40 10
21 14 30 20 4 18 41 38 1 24 28 23 26 12 36 35 7 8 32 39 25 13
19 32 14 41 16 13 34 10 5 26 39 15 17 29 8 35 33 36 1 27
23 11 21 32 20 17 2 14 37 12 13 15 18 27 9 10 7 4 24 16 1 36 35 25
23 15 24 41 16 28 4 17 40 30 7 2 18 23 19 3 34 31 13 6 20 22 5 27
9 15 12 40 22 13 4 29 23 11
28 14 6 23 18 16 20 35 25 36 32 31 24 8 2 22 3 38 26 40 7 10 34 17 21 11 29 13 1
26 19 5 15 35 26 31 12 8 41 25 23 14 13 9 27 38 22 18 33 3 10 11 21 16 1 20
28 21 31 10 2 15 16 32 37 26 34 29 39 40 17 27 25 38 19 33 4 22 36 20 9 28 11 1 24
15 13 27 14 18 6 28 19 3 15 16 8 29 11 23 12
18 4 3 5 23 13 33 8 16 2 39 35 27 14 37 22 19 9 38
16 24 3 12 38 21 27 19 10 23 6 41 9 4 31 13 40
9 25 19 41 23 28 9 32 33 20
25 24 15 28 1 38 33 37 34 14 30 29 3 13 18 20 9 25 16 22 7 12 26 36 10 5
13 35 28 5 30 29 24 23 41 2 20 38 37 8
19 38 30 10 12 17 31 33 8 18 9 16 26 40 25 20 39 3 2 22
15 5 30 27 6 37 15 4 41 28 39 3 12 19 21 17
14 32 41 39 11 28 5 1 26 40 15 8 16 21 7
19 41 31 32 2 20 30 14 27 36 39 34 15 7 35 19 28 23 17 22
20 30 40 37 28 17 7 34 25 41 13 1 18 27 20 3 32 4 8 36 38
22 41 21 10 37 30 24 3 15 19 27 7 40 12 33 2 22 29 18 11 38 17 6
25 34 31 20 16 39 22 38 8 17 19 40 18 5 1 3 35 23 21 26 27 13 7 11 30 28
21 9 32 28 5 34 13 39 35 10 11 21 7 36 41 38 33 2 18 15 12 17
16 36 12 38 14 7 24 25 13 6 22 27 40 15 23 4 37
17 8 32 25 3 18 24 6 35 30 33 5 20 21 17 16 12 37
23 38 23 13 9 1 29 37 5 40 25 31 7 3 16 18 26 19 2 36 22 12 17 39
9 7 32 24 21 4 15 19 13 29
11 17 7 1 24 11 32 28 37 2 31 20
23 21 31 16 14 8 1 17 30 27 7 32 39 22 19 10 37 13 35 18 20 36 11 9
16 1 27 23 6 21 22 26 17 36 5 3 40 20 2 11 41
15 4 24 5 32 31 16 17 12 36 35 8 21 14 3 41
28 23 18 20 4 31 26 37 27 35 6 13 32 38 1 5 17 15 28 36 8 11 16 39 19 10 30 3 33
22 32 18 17 26 40 16 36 19 20 33 5 13 3 29 2 39 1 11 9 27 30 4
19 37 38 10 2 4 28 25 33 17 13 9 15 11 19 5 41 27 29 40
24 4 11 19 3 27 15 39 23 5 36 10 38 34 29 33 7 40 28 17 41 21 6 16 25
20 21 16 39 8 18 25 11 32 30 24 37 10 14 9 28 12 17 34 4 26
19 28 13 4 39 19 36 41 2 26 40 29 37 23 10 14 24 35 22 8
25 28 5 6 21 15 22 10 40 12 3 38 16 34 33 4 32 19 17 20 13 23 30 18 7 36
13 14 39 40 20 31 35 19 34 26 27 5 37 36
23 8 15 4 19 14 27 37 7 13 41 26 2 1 35 3 34 39 31 38 6 18 24 32
8 20 7 10 35 24 28 29 6
12 15 9 3 14 18 23 13 22 26 36 40 12
11 10 41 26 3 31 7 18 25 37 20 28
23 36 7 5 30 12 32 17 3 26 23 13 28 18 37 29 31 15 40 35 11 39 22 6
15 40 41 24 18 25 22 37 30 31 6 16 9 14 27 35
14 27 32 30 26 35 29 19 17 18 2 11 9 41 5
19 1 29 33 39 13 10 30 22 14 27 16 17 6 18 24 8 9 12 34
13 40 3 27 39 12 11 28 18 22 1 33 8 5
22 31 6 13 36 30 1 26 29 25 23 39 40 8 18 2 28 7 15 34 16 14 22
15 19 1 20 5 12 32 33 26 41 40 39 38 23 16 7
28 3 7 37 28 29 1 8 26 30 35 4 2 27 24 23 34 6 41 11 25 20 38 31 39 9 15 14 22
12 32 29 5 3 41 17 16 33 28 1 37 2
24 24 15 6 20 9 1 34 7 33 10 29 28 27 14 37 41 22 16 2 12 30 3 8 36
11 27 22 39 19 25 5 6 11 32 36 23
26 34 16 8 27 29 15 13 9 28 12 41 30 25 40 23 21 31 3 10 17 38 20 33 5 32 1
22 40 35 27 1 8 41 7 26 33 10 17 16 39 5 4 14 13 3 37 29 23 12
21 17 9 30 14 18 8 16 39 21 26 28 41 12 40 32 3 31 11 13 33 34
23 19 22 38 17 23 41 40 10 24 8 20 1 13 3 18 29 36 32 33 6 30 14 2
25 7 6 2 40 25 30 32 10 36 37 34 24 1 5 21 15 26 12 16 3 20 8 33 9 28
15 24 23 8 20 5 17 21 35 14 31 40 41 29 28 33
26 6 38 13 10 4 33 34 36 9 11 18 8 12 28 20 32 15 19 29 26 7 35 40 1 37 23
19 33 16 29 7 11 2 32 41 27 30 35 8 14 36 1 37 10 19 31
8 34 33 10 2 39 27 21 9
22 15 6 23 25 36 1 5 17 35 32 7 27 3 19 20 12 30 34 38 22 13 21
19 5 26 23 32 35 36 24 38 8 3 16 34 11 39 17 37 20 27 4
15 35 16 3 36 5 29 17 20 25 4 15 41 30 13 18
25 32 35 9 38 41 22 37 17 23 3 4 12 25 19 13 27 39 28 21 8 34 10 14 18 7
8 38 26 34 35 18 41 20 15
8 4 12 33 13 41 22 28 35
15 13 25 36 16 5 39 31 17 20 10 26 32 40 21 3
19 7 1 34 38 13 25 35 31 39 36 11 27 16 41 22 26 29 24 2
22 33 12 13 37 38 26 36 3 34 29 24 23 5 4 10 6 11 27 41 20 31 17
28 3 20 12 33 40 19 16 8 21 18 11 10 22 6 17 4 1 36 15 41 24 30 35 28 38 13 32 34
24 18 4 28 25 40 3 6 21 9 2 29 14 20 5 23 10 34 37 32 24 22 38 12 33
11 5 23 40 14 20 11 18 37 31 10 15
27 30 5 1 17 4 29 19 23 13 34 10 41 35 6 28 9 7 20 31 12 25 39 36 26 27 21 2
10 17 18 10 23 15 40 36 3 30 2
13 4 34 19 8 13 23 1 28 27 11 30 31 36
15 6 14 33 3 41 10 23 19 7 35 21 12 25 18 24
8 8 28 15 6 10 39 38 16
15 9 39 40 19 29 20 28 13 14 21 33 27 37 41 25
28 24 7 3 1 13 4 5 37 28 19 9 22 30 36 17 27 40 21 25 18 15 26 31 33 39 38 6 14
28 9 41 22 21 11 39 8 32 10 20 37 5 35 7 3 36 17 18 33 38 12 30 13 24 29 28 14 2
11 41 37 3 20 2 6 4 10 35 15 16
24 10 7 39 1 2 31 40 41 23 3 4 30 38 15 27 9 28 29 35 25 37 32 12 13
21 23 34 21 33 4 30 37 25 31 16 13 20 14 2 11 7 5 36 17 8 32
8 36 20 19 30 1 4 9 14
10 30 31 6 21 36 8 41 17 23 10
9 11 20 40 29 35 2 34 31 7
17 2 21 38 39 1 32 36 12 26 28 13 20 25 6 8 33 5
23 28 36 40 5 7 26 4 20 6 15 30 3 18 21 24 22 16 9 35 41 37 38 14
28 35 18 41 26 28 2 32 1 7 11 34 38 40 8 30 4 20 10 6 33 19 23 29 13 24 37 22 16
26 14 30 23 28 13 3 36 25 9 24 22 27 39 5 21 8 11 17 38 15 41 10 16 7 26 34
26 31 25 27 4 41 10 22 40 5 12 8 29 36 3 33 24 14 9 11 28 15 13 26 19 39 21
17 36 40 13 38 39 4 41 30 1 28 22 21 18 8 9 5 24
28 18 11 1 41 31 6 33 32 30 16 10 40 28 36 23 4 29 15 5 12 13 27 39 9 38 37 26 14
21 1 31 10 12 11 2 30 38 16 6 39 21 24 36 40 41 33 18 28 9 5
12 35 1 23 32 34 11 41 9 5 29 17 31
12 37 21 26 13 38 17 1 19 15 4 24 41
23 33 14 19 12 11 26 27 17 39 25 29 22 31 40 36 18 15 4 23 21 8 41 9
9 9 14 11 20 30 39 18 3 25
16 40 13 8 23 36 14 19 6 38 10 17 3 11 26 18 28
21 23 20 14 7 2 39 38 25 40 11 35 1 31 16 19 29 30 32 28 24 4
26 18 30 21 11 9 19 14 2 26 33 40 37 35 25 29 7 32 10 13 20 17 5 22 28 23 1
11 19 17 2 36 15 37 11 10 16 34 22
24 33 41 10 3 23 16 35 15 29 38 18 24 22 40 25 17 4 32 34 26 11 27 7 30
13 17 27 9 21 18 15 41 19 2 4 20 16 11
15 22 6 28 1 31 34 8 32 12 21 9 38 19 36 27
18 10 21 38 26 36 8 20 5 14 6 32 11 2 27 19 16 28 9
27 10 29 37 15 21 1 38 11 5 36 17 22 14 33 2 6 24 40 25 34 13 20 19 39 27 31 28
22 3 21 18 16 34 31 40 7 5 22 17 10 2 1 30 32 27 26 38 37 20 28
20 8 10 6 38 16 24 9 1 29 27 21 17 15 36 22 3 11 41 20 37
8 5 28 35 4 23 33 7 30
24 15 17 31 20 13 33 32 41 35 34 14 25 37 29 3 30 19 12 26 8 28 7 4 27
26 8 11 6 39 19 1 2 34 15 10 17 31 3 24 14 13 30 12 32 25 23 5 29 33 38 9
28 7 17 28 16 5 33 21 1 8 11 22 30 35 39 38 13 15 6 9 37 27 29 32 34 2 24 41 25
8 4 23 36 20 41 39 5 26
16 15 12 39 29 41 3 26 7 18 32 34 21 38 22 25 31
8 23 19 29 9 8 5 25 2
8 38 2 35 30 7 14 19 3
16 20 28 15 11 23 12 7 34 1 31 6 29 22 19 24 2
27 2 25 19 18 41 13 14 10 24 9 23 33 6 40 30 3 27 21 7 15 12 39 16 22 17 34 1
21 35 26 40 31 37 15 11 28 33 41 21 20 24 18 29 39 36 4 9 32 5
22 31 17 32 12 23 35 39 9 13 15 29 20 14 18 2 26 27 1 21 7 6 28
23 23 2 31 21 6 17 25 30 37 22 24 13 9 12 40 34 10 4 32 7 39 3 16
20 13 6 34 39 28 38 5 25 8 20 29 2 16 17 4 26 27 3 11 23
22 39 29 19 41 23 18 34 7 2 12 27 24 28 14 16 26 20 38 8 33 10 37
18 30 38 25 37 6 17 33 1 20 2 21 26 4 13 27 3 39 34
17 31 24 39 23 17 18 11 8 28 4 20 2 38 3 36 33 6
8 37 24 18 26 19 4 33 27
20 36 32 28 25 12 23 21 26 39 35 5 34 41 24 37 20 19 15 16 4
23 27 14 38 18 32 16 8 9 10 22 28 41 19 6 30 5 40 36 17 37 4 34 31
13 6 22 31 2 19 9 21 4 16 13 28 36 17
8 22 19 27 23 38 7 12 25
26 36 23 11 19 33 31 26 9 17 21 4 2 5 16 30 7 20 34 8 27 13 1 28 35 39 14
8 5 4 17 1 36 21 13 3
18 13 17 23 41 22 32 36 3 38 31 1 4 11 37 15 25 14 26
11 28 7 36 5 2 24 39 4 15 20 33
12 17 11 35 23 38 36 37 6 13 21 10 4
11 35 22 3 15 4 5 27 6 19 34 40
9 26 17 24 20 6 35 41 10 21
12 22 20 37 16 25 23 28 34 26 15 12 19
17 10 31 41 6 11 20 17 32 13 23 34 27 14 26 35 4 24
8 4 13 30 27 36 32 39 9
28 16 25 28 29 40 5 39 24 15 37 4 27 26 11 2 32 36 17 19 18 41 33 1 14 35 13 30 31
20 1 40 25 4 33 13 7 21 16 31 9 5 30 39 29 37 32 22 24 41
11 1 8 28 39 27 20 19 21 24 38 9
20 17 35 27 25 40 2 31 8 12 37 28 30 19 22 14 3 9 33 29 39
28 33 28 26 18 23 36 31 6 38 40 21 22 14 35 9 10 2 8 27 16 13 17 1 12 37 41 30 5
18 10 5 31 2 28 30 26 11 6 40 19 7 27 9 34 37 15 33
14 16 41 5 37 34 38 30 36 17 29 20 8 11 33
20 33 29 6 36 32 25 1 30 37 15 8 26 24 19 41 31 27 28 23 9
20 38 27 2 7 41 25 14 3 36 10 19 15 28 32 11 5 24 35 22 30
22 41 14 21 19 31 8 33 16 27 12 3 23 34 24 18 9 6 17 30 11 5 39
28 24 40 1 2 31 13 10 8 3 4 38 16 19 17 34 18 27 33 23 26 7 32 39 11 37 36 20 25
26 8 4 21 11 6 22 33 32 26 27 40 36 34 29 5 18 37 14 16 9 13 10 35 2 28 15
20 9 29 1 2 28 10 25 17 14 7 4 22 15 32 20 36 18 40 12 23
11 11 7 37 14 16 1 9 2 36 31 25
11 18 6 37 32 31 17 9 4 20 15 1
23 17 39 23 15 7 25 16 31 34 1 10 6 35 8 33 41 30 36 32 26 19 20 3
8 3 21 41 8 9 38 37 14
22 15 13 25 21 39 23 6 1 24 35 29 17 14 10 18 28 3 4 22 31 34 36
12 5 8 3 22 13 27 30 1 24 14 12 17
8 37 9 24 13 18 38 26 41
18 11 35 10 25 33 41 13 6 5 12 17 24 39 27 21 9 38 32
19 32 34 10 24 4 35 12 14 33 21 27 37 23 5 30 19 25 15 22
27 29 19 26 24 33 28 20 8 21 35 11 16 5 2 3 15 39 1 41 7 4 23 37 31 12 25 22
9 31 7 23 27 28 33 5 26 3
28 4 20 29 10 34 16 38 7 19 13 36 2 14 40 32 33 6 17 39 18 26 12 8 11 25 41 31 27
28 3 13 17 22 31 38 18 2 10 16 20 30 23 40 32 39 29 37 19 33 12 24 14 8 15 1 26 27
20 13 40 39 36 7 11 33 23 28 20 16 35 3 1 19 32 31 5 24 9
28 40 30 20 33 26 1 37 22 4 7 34 18 15 27 6 9 17 8 35 16 39 23 12 10 36 5 25 21
14 28 11 4 8 31 23 13 26 33 30 12 29 10 39
23 7 15 10 6 31 13 29 25 11 32 20 37 17 8 30 19 35 1 12 26 23 9 41
24 10 22 38 21 6 33 18 23 3 32 17 9 31 14 27 13 12 36 8 5 7 20 29 16
12 25 21 30 8 4 28 11 40 3 12 35 23
15 13 7 12 38 34 15 40 36 27 14 5 32 30 39 8
8 28 29 10 38 31 8 40 27
17 21 7 22 34 2 9 39 12 13 24 8 41 28 32 11 40 31
11 37 24 2 21 35 12 14 19 32 18 3
20 12 39 34 9 2 20 22 4 24 8 6 28 10 21 13 29 1 27 30 16
23 1 38 41 28 35 22 16 2 29 12 17 19 15 9 20 14 26 8 13 39 7 3 10
8 19 26 24 40 27 3 25 23
25 19 16 40 29 35 38 34 28 5 31 15 39 33 14 23 10 2 17 3 26 1 11 18 24 36
12 14 30 34 22 12 39 18 24 11 21 3 35
25 24 9 33 16 34 23 25 27 41 28 17 2 3 29 12 32 14 15 13 21 40 19 20 38 5
21 26 15 37 40 13 34 18 12 20 38 33 11 2 27 8 24 17 22 28 39 6
20 8 6 36 34 16 28 24 15 20 1 12 14 33 4 32 40 9 7 19 35
17 23 14 32 21 16 34 12 10 24 27 26 25 28 19 4 11 8
27 1 38 11 10 31 32 15 13 5 16 6 7 36 35 17 24 29 37 28 26 34 22 23 41 12 2 33
18 31 12 24 34 8 9 2 13 23 41 28 39 10 25 22 38 40 11
17 40 13 17 32 27 26 14 36 38 4 28 11 22 23 15 24 5
19 36 23 41 34 19 35 31 24 1 7 6 20 11 26 4 12 29 9 13
15 7 18 21 27 30 26 38 19 37 8 29 35 10 12 17
25 37 23 26 14 38 25 6 39 13 22 31 18 19 40 5 11 7 10 21 4 17 12 29 2 30
18 40 10 38 25 20 24 19 31 5 41 14 17 15 4 13 8 36 9
26 13 28 15 20 8 2 39 36 16 10 14 5 18 1 7 34 31 19 41 26 30 6 29 23 40 24
24 38 3 8 39 10 13 29 14 35 34 28 30 20 23 1 2 15 4 31 12 32 21 24 27
23 29 1 20 6 33 22 40 25 19 13 28 11 21 10 8 37 24 12 27 5 30 36 4
13 30 33 27 14 28 32 35 10 6 38 41 20 2
26 28 14 11 4 22 33 5 16 34 41 19 9 40 17 18 35 20 6 27 25 3 29 32 39 12 10
26 40 34 36 35 17 12 16 24 26 4 1 23 39 19 15 7 21 33 30 11 18 41 8 28 22 32
16 29 23 38 28 1 22 20 2 15 25 13 37 14 17 36 18
24 15 27 41 2 22 20 6 31 11 38 40 7 37 29 28 16 30 1 17 32 4 19 14 23
23 33 39 24 19 36 23 13 6 38 32 34 3 18 26 8 31 30 16 9 27 1 28 2
22 25 39 9 14 40 2 10 23 34 36 37 4 21 20 26 38 7 29 13 31 12 1
16 9 17 7 29 5 4 10 15 37 24 16 12 21 30 28 11
24 25 27 17 36 10 20 29 30 15 11 37 41 3 4 35 8 9 14 21 22 6 12 28 2
8 26 13 28 32 29 3 1 8
20 24 31 40 4 5 28 37 34 19 20 8 3 13 15 22 9 14 10 29 2
28 20 35 31 41 22 11 25 27 23 40 36 28 34 8 15 13 33 2 9 14 10 37 3 38 6 26 32 4
20 22 2 5 36 11 3 4 25 28 6 26 21 9 16 23 13 8 27 24 37
18 10 13 23 19 35 30 1 15 29 3 12 26 20 27 16 36 33 37
24 6 22 5 41 33 38 4 16 7 34 19 28 10 9 29 39 17 15 24 36 21 26 8 13
16 18 37 33 3 1 24 39 11 17 10 40 23 15 19 41 8
28 6 11 1 33 25 10 19 34 29 3 5 21 35 41 15 37 22 14 40 38 27 12 2 13 32 26 16 30
27 40 4 16 37 22 30 21 36 41 13 11 3 27 32 2 33 14 26 15 20 19 18 38 1 31 8 17
21 10 12 28 7 20 4 22 17 32 18 16 14 6 39 5 13 37 21 33 38 9
11 33 30 41 40 37 5 26 6 12 14 32
24 33 2 31 12 29 35 8 7 17 26 18 21 23 1 36 39 32 34 14 20 13 3 30 6
10 38 6 28 11 22 31 30 37 20 39
18 32 14 8 10 9 35 31 34 37 24 27 18 19 36 12 3 21 30
9 22 37 27 16 35 10 14 34 13
25 36 22 7 8 38 3 15 39 2 18 37 9 6 40 10 23 28 29 21 20 32 16 27 31 33
17 18 14 34 17 33 28 11 31 30 15 6 19 25 39 2 4 7
25 20 27 23 4 25 35 24 41 28 30 36 21 33 19 5 3 12 2 14 34 29 32 11 17 9
22 35 13 9 14 27 7 36 32 30 18 26 22 6 34 17 28 21 37 10 25 41 4
20 35 2 26 13 3 17 30 9 33 39 18 41 12 34 11 36 38 29 22 15
9 4 23 20 34 16 12 6 15 5
26 28 11 37 33 39 23 13 6 20 3 38 25 19 12 7 4 34 22 21 31 41 14 1 40 17 32
14 32 37 16 40 36 34 5 2 12 9 4 18 13 10
12 18 26 38 24 10 31 27 12 4 2 35 7
13 24 19 38 29 14 37 8 34 28 39 7 33 13
24 20 16 36 39 15 24 11 33 7 10 6 9 8 32 3 28 35 19 34 26 25 17 30 14
19 29 22 3 34 20 30 38 7 1 18 17 10 26 37 8 35 21 16 27
10 39 15 21 5 37 13 7 9 14 18
22 29 14 5 41 18 20 17 7 26 19 40 22 25 1 11 32 6 15 35 33 12 10
9 9 30 40 14 24 7 17 37 39
18 20 23 41 21 16 6 18 2 13 12 24 39 3 9 7 17 1 27
16 6 38 32 19 39 23 7 5 10 14 28 22 13 21 26 8
24 10 9 12 20 36 34 35 17 21 22 29 39 13 2 3 30 25 27 6 31 28 1 33 40
12 38 2 9 16 1 30 24 13 14 6 7 33
18 31 15 32 20 33 41 24 21 6 4 39 9 14 30 1 36 17 27
14 30 34 12 14 31 36 6 25 15 35 40 26 24 27
28 23 19 41 10 36 30 29 9 26 4 8 25 14 33 6 18 35 31 28 27 37 21 5 15 12 2 34 38
24 36 16 11 18 1 40 14 5 7 20 38 41 21 22 26 23 12 19 33 3 27 6 39 2
18 7 5 14 41 36 35 22 21 23 40 29 32 26 31 34 18 33 13
21 3 20 37 22 18 13 1 15 25 23 19 31 10 14 32 27 6 17 11 24 7
10 22 38 40 5 15 27 14 23 41 29
19 36 40 39 32 18 38 19 4 12 6 27 23 7 3 29 24 37 13 17
8 11 10 30 15 33 37 18 20
25 15 4 38 41 1 17 13 31 24 2 5 10 20 27 12 16 39 7 25 11 30 23 3 9 28
26 35 16 24 6 39 41 27 31 30 7 13 20 23 17 11 25 32 26 36 12 33 2 15 19 38 1
23 15 36 35 5 33 18 10 34 28 29 31 27 9 23 4 12 41 25 30 32 6 2 38
19 23 29 7 37 25 14 36 17 38 33 11 2 3 27 8 20 5 1 22
15 23 9 35 28 32 34 12 20 24 16 8 36 41 10 40
23 17 25 28 26 23 4 35 20 8 33 21 16 34 7 1 31 5 29 37 36 2 15 40
24 40 30 7 11 4 23 29 21 13 31 27 14 35 15 33 8 5 1 37 25 16 22 3 20
16 13 8 28 26 14 25 22 3 9 40 27 31 15 29 20 18
17 20 23 29 33 41 38 2 36 5 24 31 16 4 34 1 10 18
23 3 39 6 25 16 40 12 18 11 10 4 27 41 5 28 34 23 26 38 31 20 24 30
14 18 21 10 35 28 13 8 30 41 37 14 39 24 1
17 18 24 3 10 39 12 11 41 26 34 28 37 30 4 7 32 21
15 13 35 41 25 38 33 9 23 20 27 34 5 24 18 2
28 35 13 25 10 18 41 31 5 3 28 12 4 15 22 8 7 17 14 29 23 40 16 37 2 30 11 27 39
9 15 37 35 8 1 40 16 33 36
27 32 13 11 1 4 28 40 41 22 2 35 17 37 21 25 16 7 20 30 23 8 6 39 15 24 14 5
26 30 41 37 16 25 10 12 33 19 24 31 3 11 7 35 26 20 5 2 17 18 1 13 29 39 32
11 14 40 9 13 32 17 3 38 24 19 27
14 22 17 33 9 11 18 4 19 40 5 39 21 36 29
9 41 16 11 36 21 25 1 20 29
15 35 13 39 18 15 8 24 34 27 12 3 19 20 11 29
15 12 32 16 18 41 34 8 17 5 11 14 9 40 30 38
18 32 30 18 1 21 9 12 35 16 3 40 10 19 2 4 38 41 31
9 4 37 24 31 17 9 8 26 28
28 4 38 22 28 13 2 26 34 11 41 20 25 23 40 1 10 27 35 16 15 21 6 29 9 7 8 36 19
9 29 1 30 6 38 15 2 17 14
24 10 4 33 5 26 23 7 18 20 34 25 8 14 3 15 31 38 11 12 39 32 22 21 41
15 13 26 5 11 22 33 40 36 9 1 19 14 34 8 4
26 7 31 19 13 11 8 9 6 1 39 34 17 10 22 27 36 21 25 18 37 24 20 38 14 35 32
23 18 16 31 34 6 37 27 21 12 29 15 5 41 9 28 11 8 30 35 3 4 40 7
11 19 8 9 22 10 18 40 21 37 16 7
8 16 11 17 10 1 6 41 20
17 2 9 21 26 40 3 37 5 6 33 19 15 23 22 10 25 11
27 32 18 12 19 33 9 20 2 10 35 11 17 38 3 31 40 28 4 21 24 7 14 23 39 5 41 34
13 39 28 35 30 10 23 9 3 22 5 4 1 40
9 16 11 23 37 24 3 10 22 36
12 4 20 40 10 29 33 37 16 3 22 13 8
23 15 11 33 27 20 16 13 35 3 25 7 4 19 23 6 18 14 2 8 10 31 36 17
15 29 10 20 22 24 15 21 14 40 8 39 16 33 25 17
20 18 36 38 39 30 37 4 32 29 24 20 12 35 2 10 6 23 1 40 25
20 23 34 26 30 7 11 25 15 4 31 9 12 3 28 32 20 8 2 19 21
18 1 20 38 2 32 22 17 6 12 34 31 8 23 37 29 15 3 13
9 19 15 37 27 22 18 35 31 4
25 7 40 25 37 15 16 1 38 4 19 33 9 30 32 13 3 39 8 18 27 23 29 41 22 36
11 12 28 14 22 30 27 6 20 10 7 35
19 38 4 14 21 6 9 26 11 18 15 1 35 7 17 23 40 27 33 37
16 4 37 3 15 35 33 36 31 32 7 14 30 26 23 2 39
13 10 21 19 34 8 16 9 18 36 15 14 20 23
18 39 14 27 6 25 9 23 10 21 31 20 13 28 18 1 16 32 38
8 21 24 13 3 17 6 22 41
19 39 11 10 29 12 21 24 40 4 20 32 14 22 27 5 9 19 3 37
17 20 15 23 28 6 8 9 37 5 22 10 35 3 30 1 17 4
11 30 15 31 24 19 36 39 27 17 10 23
24 18 40 35 26 32 12 30 28 14 9 24 34 6 27 21 22 29 13 7 5 3 20 23 39
20 12 4 33 22 37 5 20 24 32 7 2 23 21 27 34 36 25 14 39 41
20 36 41 17 34 10 24 30 29 38 5 25 14 4 19 18 1 40 8 2 15
24 37 5 15 20 17 22 8 29 41 21 18 40 23 12 32 3 27 36 24 38 2 25 28 26
14 24 26 25 29 35 36 3 2 30 8 19 38 7 23
28 40 39 33 4 24 31 20 19 6 12 8 34 22 41 36 16 25 10 1 27 17 37 30 13 38 7 14 21
8 37 24 34 2 7 3 36 1
28 24 10 30 15 16 21 17 20 27 3 23 2 38 39 13 8 31 28 37 34 9 18 12 14 26 1 40 32
23 1 18 34 38 16 11 5 8 20 22 23 7 31 33 30 26 32 9 37 17 27 13 36
13 2 12 21 8 30 35 22 34 41 28 33 26 3
10 38 25 2 41 12 24 15 14 30 36
20 16 12 33 10 34 19 32 22 23 35 26 1 6 5 13 38 31 37 18 20
9 18 36 23 10 32 33 25 35 38
26 2 22 4 36 13 27 34 17 38 28 39 40 26 37 23 11 25 12 21 18 14 20 3 31 6 29
15 12 34 16 17 8 41 6 10 37 36 21 3 28 29 26
13 17 6 12 24 37 8 21 5 28 30 18 2 40
21 2 9 24 34 39 35 21 38 1 31 22 10 18 32 13 20 16 40 30 25 14
22 17 9 24 34 37 8 18 7 12 36 25 2 11 26 39 21 10 29 19 33 15 3
24 21 10 6 20 27 11 37 38 39 16 34 32 22 13 30 23 1 28 40 2 29 18 33 3
15 7 30 31 33 13 38 12 15 18 6 5 11 21 8 27
11 13 33 11 35 10 40 5 12 4 2 38
15 11 29 22 17 15 7 3 39 26 2 37 23 19 5 9
21 26 37 3 41 16 40 5 29 23 31 6 34 15 35 25 4 12 14 2 19 10
25 14 37 28 27 7 29 13 8 36 16 25 38 21 11 9 10 12 31 20 23 24 5 19 2 4
19 31 26 13 12 4 18 22 16 29 36 41 15 21 32 35 25 3 39 28
14 20 11 9 16 38 26 13 40 5 33 21 14 39 35
12 18 21 29 19 9 41 23 14 31 34 32 24
15 19 6 40 34 25 31 26 3 32 8 21 29 24 10 9
15 11 28 16 8 3 13 24 26 6 31 20 14 37 32 17
19 11 31 35 24 3 7 18 15 19 26 39 37 22 34 1 29 12 8 6
12 20 17 4 36 39 2 32 33 1 22 19 41
11 13 40 17 14 9 34 36 11 39 29 35
16 7 12 22 9 19 37 31 2 29 34 25 8 20 30 38 21
25 20 23 38 3 8 1 35 39 27 33 30 29 25 40 36 17 15 13 41 19 32 9 24 18 6
27 7 24 15 19 32 26 30 29 35 21 11 5 14 38 2 40 9 18 31 36 1 39 27 8 13 4 25
20 16 34 28 10 36 1 2 39 17 3 8 21 14 12 27 19 41 35 30 13
14 38 40 1 3 9 18 19 33 15 34 37 24 11 41
18 26 24 15 19 7 41 10 3 18 2 5 37 23 31 9 20 12 29
20 40 4 24 9 35 29 19 14 27 31 20 21 34 8 32 39 5 10 2 30
23 2 27 30 14 26 24 13 15 7 33 16 20 18 35 8 40 22 9 37 34 36 4 28
23 23 32 21 35 10 14 3 12 20 34 24 40 17 26 19 25 36 37 6 29 16 8 11
27 21 38 39 35 7 13 16 8 4 10 5 3 37 34 40 19 27 15 33 17 32 29 28 14 41 6 31
11 9 39 7 26 30 28 29 1 21 31 15
27 24 15 38 34 10 23 1 8 31 21 6 37 22 20 32 41 2 7 9 5 16 36 30 18 33 17 12
23 19 14 10 23 20 17 37 36 15 31 4 26 41 12 5 34 3 2 11 28 8 24 1
17 15 20 17 10 13 5 1 19 26 36 6 32 25 18 29 16 23
12 10 11 14 33 19 31 37 9 12 5 24 36
12 19 8 24 16 40 28 27 2 37 33 4 41
25 28 36 22 20 39 26 41 34 25 7 31 9 1 3 11 33 19 29 35 37 17 18 13 14 5
17 21 17 31 28 1 5 7 27 20 24 19 6 32 29 13 33 10
23 41 32 39 15 25 22 9 40 31 20 3 10 28 27 4 30 2 38 8 16 35 26 33
24 27 35 29 9 28 10 19 25 21 37 1 23 14 26 31 22 17 38 18 8 12 20 15 3
13 29 18 23 27 7 31 4 15 1 13 36 24 33
8 4 5 11 40 14 7 31 35
13 21 4 30 10 12 7 32 31 29 8 3 18 9
21 11 30 26 34 4 31 6 13 18 25 37 5 12 21 29 32 14 24 19 41 36
12 39 18 38 12 13 17 34 20 23 33 10 21
27 25 33 6 34 29 21 10 37 5 35 4 7 15 18 32 38 3 22 8 11 12 16 36 41 28 9 2
10 1 11 27 8 3 16 38 10 21 9
22 7 30 4 29 23 34 25 28 31 26 9 35 38 14 11 21 3 16 2 27 10 19
19 34 3 2 37 21 4 8 25 23 6 18 15 24 11 30 38 35 17 20
25 9 26 16 31 20 5 15 10 19 28 34 11 27 41 4 6 3 30 36 2 12 25 24 39 13
23 23 9 18 25 3 19 40 20 1 2 28 5 39 11 6 14 22 15 17 32 13 26 34
22 24 18 34 41 23 29 6 14 13 9 31 12 15 3 35 16 11 19 20 25 30 28
17 34 41 32 19 16 28 8 15 26 2 11 14 33 5 22 3 1
11 37 18 15 30 25 21 36 13 3 2 23
18 18 33 38 20 28 8 19 4 17 27 24 9 39 12 13 32 36 3
11 12 26 25 35 36 37 23 2 32 21 9
17 4 15 19 14 17 11 24 10 1 36 29 22 25 26 35 28 6
9 1 10 4 18 2 28 34 7 27
18 1 30 9 10 14 26 33 20 24 37 6 40 38 36 16 15 22 19
27 35 4 38 26 8 2 31 15 23 34 7 11 20 37 17 16 14 5 18 9 1 10 13 12 29 33 3
18 28 1 12 24 27 31 26 6 5 38 2 40 41 36 10 33 14 19
27 34 38 15 22 35 19 41 4 13 17 16 11 39 9 1 12 21 3 23 5 31 26 6 24 8 2 30
8 10 32 21 37 1 33 28 40
8 40 30 34 33 14 31 29 3
28 12 19 14 27 8 37 35 36 22 9 31 18 16 40 30 32 29 25 2 20 10 3 4 23 39 15 34 1
15 4 41 28 6 39 29 3 2 26 35 19 5 37 12 21
21 31 35 38 6 36 41 5 34 22 17 32 11 21 40 39 12 8 2 16 30 9
12 1 37 28 38 26 39 2 18 40 19 5 35
28 34 17 16 32 10 30 24 20 12 36 22 6 37 39 15 21 25 40 2 28 18 9 33 14 38 19 1 41
28 25 3 13 9 22 26 20 39 16 1 28 37 32 17 35 36 34 23 6 24 2 15 8 11 30 10 14 21
13 23 21 40 37 14 36 15 16 33 34 38 41 17
8 36 26 24 1 30 20 2 32
12 22 17 5 28 19 15 16 13 34 6 31 3
28 39 14 32 22 19 17 13 3 31 11 27 12 2 7 15 5 28 18 29 4 21 40 6 23 16 25 9 20
12 2 26 21 6 9 38 32 4 37 12 35 27
28 38 12 1 40 23 36 6 14 11 9 4 15 29 17 5 39 33 30 25 32 26 24 34 7 3 8 37 22
27 19 36 10 29 23 6 38 27 26 34 13 9 20 17 32 4 18 8 24 33 25 39 14 7 35 12 22
23 17 14 30 25 29 18 1 5 13 38 6 35 33 12 2 22 41 37 28 9 20 21 31
25 38 40 24 18 21 14 13 19 12 20 25 28 27 41 29 39 10 37 3 16 22 32 7 30 11
20 41 14 9 17 37 7 16 11 6 35 4 22 34 5 15 26 18 38 21 29
15 29 41 4 6 19 8 14 28 35 31 7 9 33 21 23
12 2 29 11 40 32 1 10 27 22 25 41 9
23 6 16 40 32 19 21 23 13 18 36 10 24 26 33 20 30 25 14 31 29 9 41 27
23 37 17 33 11 15 7 9 34 2 29 20 40 6 21 30 4 25 24 35 5 22 23 8
16 6 36 19 37 4 11 38 8 32 30 24 15 10 7 31 34
15 21 24 3 17 7 35 1 16 10 29 26 19 11 13 30
24 22 28 35 38 12 25 18 24 13 30 33 39 17 27 40 8 16 6 11 9 14 29 1 5
21 40 33 9 22 12 20 32 24 2 1 34 30 17 31 25 16 36 19 41 38 10
24 15 20 21 36 30 18 32 9 13 23 4 28 29 24 41 11 8 22 1 34 6 16 19 37
18 17 19 38 36 24 22 8 12 9 20 25 34 23 10 14 39 26 27
23 17 40 39 31 33 37 25 3 10 24 38 34 19 1 21 9 35 2 7 26 16 29 14
20 24 4 37 7 19 26 21 5 22 25 18 20 28 34 39 38 12 6 36 2
12 26 16 28 12 30 20 24 25 40 7 8 9
12 40 41 21 13 14 23 12 20 18 24 9 17
10 41 31 14 20 33 5 15 13 25 23
18 40 24 14 5 19 25 17 4 28 16 38 26 11 23 31 3 36 9
22 31 18 38 25 3 16 39 7 5 13 30 40 27 10 23 15 32 2 19 37 28 6
27 29 15 1 37 39 13 4 9 27 28 18 2 3 33 26 22 5 35 20 34 23 21 30 6 7 32 10
10 32 33 26 27 22 1 14 25 20 16
8 10 41 6 3 16 28 5 9
25 15 34 13 26 11 10 14 2 39 21 41 40 36 29 12 20 38 33 32 30 37 3 23 4 7
11 1 36 12 10 15 18 26 6 2 22 40
12 36 1 41 24 20 15 2 40 37 5 23 33
21 7 23 20 9 38 12 14 32 36 40 31 3 15 30 19 2 33 5 21 41 39
11 6 15 36 30 26 34 7 21 22 31 13
12 39 32 11 10 40 20 4 6 41 1 25 31
23 19 23 26 38 11 24 16 32 9 20 14 8 7 29 25 10 30 33 3 37 36 28 27
10 18 12 2 20 35 7 39 6 16 19
8 14 37 39 34 30 38 1 29
28 12 38 5 10 9 27 1 32 30 20 18 39 29 25 6 8 36 22 2 3 4 17 31 37 35 14 11 16
8 7 39 31 2 38 12 26 11
23 14 38 6 9 7 4 34 33 26 18 28 30 21 29 25 20 11 12 19 5 39 13 17
16 15 23 40 27 31 12 39 38 34 7 25 21 35 8 13 4
9 3 41 28 10 6 14 7 17 26
15 34 21 36 23 33 9 15 2 19 3 22 16 30 28 35
14 3 38 20 39 5 15 7 1 14 10 26 9 36 28
12 7 27 34 28 20 12 3 11 33 13 41 6
15 21 17 1 14 39 37 33 13 26 20 30 6 25 4 27
17 13 39 32 29 5 25 1 17 11 10 34 30 36 24 38 27 31
8 32 6 12 15 10 11 9 38
26 35 22 6 11 41 15 2 19 21 18 24 29 4 30 13 26 7 1 32 12 3 16 25 5 20 23
25 28 26 9 2 20 19 5 35 14 15 32 36 21 3 40 22 33 23 12 41 11 30 39 7 29
22 21 6 26 12 29 39 8 14 41 1 11 3 34 13 16 17 22 28 31 38 15 36
26 21 34 2 38 1 17 14 20 39 13 10 19 32 30 28 25 23 12 24 7 40 4 41 35 29 16
20 26 18 36 32 34 25 4 28 11 19 41 33 21 16 8 14 22 17 10 31
28 38 20 3 6 33 14 29 2 28 26 32 36 24 5 22 31 16 8 23 10 15 39 34 18 9 7 25 11
10 18 9 15 6 17 5 22 21 8 39
18 31 3 12 17 14 1 11 20 13 10 37 30 9 16 36 28 35 38
19 37 24 40 11 27 33 32 28 18 26 31 16 41 5 22 19 15 10 3
24 24 10 11 8 28 7 40 22 32 4 14 18 9 25 39 35 23 36 16 26 15 21 2 20
14 38 18 16 17 24 15 21 32 10 40 3 27 31 7
8 30 41 28 33 3 15 35 29
21 2 14 1 18 23 6 24 11 37 10 39 9 5 17 36 15 29 7 33 21 8
27 19 2 29 1 23 24 20 41 26 40 11 22 7 34 31 4 9 6 12 30 35 8 13 17 10 28 15
20 10 20 37 40 25 18 16 34 29 15 13 33 22 11 17 9 41 8 3 5
19 7 22 41 20 16 21 8 25 38 12 35 15 19 3 33 37 11 39 26
13 40 35 29 41 22 8 28 15 21 1 12 30 37
20 28 12 13 35 22 4 33 31 27 15 5 20 40 7 38 11 16 24 41 9
26 38 21 41 22 19 27 18 33 11 36 13 25 8 24 10 15 12 35 1 29 17 9 6 31 39 40
23 8 39 2 18 33 26 21 10 15 11 40 7 9 28 12 41 29 3 36 17 14 30 38
26 4 10 37 16 8 11 24 32 36 19 12 26 30 23 28 22 38 35 39 40 21 29 18 13 17 14
15 30 28 18 6 32 37 27 33 35 36 12 7 5 8 17
14 3 25 15 8 22 16 34 13 2 30 12 35 20 7
21 17 13 40 21 15 30 28 9 7 38 16 12 25 19 34 6 3 10 36 8 1
8 11 2 4 12 32 22 14 6
23 36 39 19 5 26 24 22 34 21 18 30 1 7 23 37 28 8 6 33 32 11 25 3
26 7 38 22 18 24 14 1 39 8 13 4 23 25 30 32 17 27 19 31 11 35 5 28 3 15 37
20 21 30 28 8 35 26 6 40 9 15 4 32 17 24 41 27 38 22 29 36
16 17 2 24 22 3 37 35 12 10 32 41 8 31 34 1 15
19 11 34 4 19 31 5 38 28 12 3 18 20 36 40 7 10 39 8 25
23 36 7 17 38 31 27 40 32 19 15 22 34 25 6 21 33 23 14 28 13 20 4 39
14 12 34 16 22 1 29 11 19 37 21 14 35 30 23
10 8 40 31 2 9 3 15 4 23 6
11 3 35 29 6 17 1 13 2 24 9 11
20 32 25 40 15 35 11 14 19 12 10 36 41 33 30 31 29 6 18 28 16
18 4 7 6 5 11 23 9 19 35 17 31 37 33 15 3 25 24 34
12 38 25 33 27 6 4 3 21 1 13 18 20
22 14 18 17 7 13 4 5 20 33 25 24 37 38 26 12 6 28 21 1 22 35 3
27 18 39 16 29 26 30 33 7 2 4 21 9 23 20 38 25 1 19 13 6 41 36 24 37 27 32 28
19 7 33 17 34 4 29 18 28 31 27 40 35 32 36 19 8 5 14 13
15 23 15 34 8 40 30 32 37 35 20 13 27 16 25 2
25 30 21 28 17 1 26 10 29 36 40 22 5 23 3 15 11 8 20 24 9 39 37 19 6 14
27 28 14 20 32 8 34 39 30 33 3 37 16 4 23 41 2 6 18 11 9 29 36 26 35 12 15 25
25 16 6 20 28 13 34 17 25 41 26 4 29 2 5 40 10 38 8 27 30 21 11 22 39 12
10 4 16 9 14 18 41 11 3 25 32
18 29 13 31 9 14 16 17 4 12 37 34 15 3 40 7 39 5 1
9 9 2 10 25 15 8 17 33 16
19 20 14 10 17 35 34 22 26 39 11 25 3 19 40 31 2 15 27 21
14 27 3 30 41 1 4 28 37 22 18 7 11 17 26
23 16 36 24 13 11 14 31 7 39 26 3 19 35 6 15 22 38 32 25 41 10 37 12
16 31 19 39 12 30 14 15 10 29 36 20 17 21 28 38 37
13 28 20 39 32 22 7 26 11 38 24 35 8 29
16 2 7 38 10 32 20 35 5 27 33 18 21 16 3 11 14
18 34 39 41 11 24 36 19 2 28 26 17 6 40 37 29 27 20 35
23 11 16 41 26 20 5 23 28 12 1 29 18 24 10 36 4 37 17 34 21 40 22 32
10 5 39 40 16 6 27 25 23 2 8
24 34 9 23 31 3 30 11 24 12 2 28 26 1 14 21 20 7 19 10 40 5 25 15 32
17 2 40 14 27 34 15 32 10 3 24 29 31 33 30 38 19 41
18 7 8 19 6 37 3 26 21 20 4 34 31 29 23 14 15 41 9
24 32 31 36 33 15 8 9 25 28 11 24 20 5 35 6 10 34 16 1 3 7 37 38 12
10 17 32 3 14 33 16 31 4 34 9
16 11 8 32 31 36 35 6 7 33 1 10 12 38 5 18 13
22 35 10 13 17 40 11 9 20 6 28 29 2 32 25 33 24 37 36 7 16 38 26
17 5 7 8 21 18 26 25 32 19 13 29 38 33 37 15 17 11
13 15 29 25 5 21 10 22 26 19 14 1 11 39
11 8 39 33 22 13 41 36 1 19 16 28
17 26 37 29 35 18 19 15 22 17 32 20 31 12 1 36 33 34
27 12 2 29 3 41 27 30 7 16 34 17 22 23 4 1 8 39 36 25 14 20 31 9 19 32 5 6
20 38 34 24 39 36 30 28 11 12 27 13 5 17 33 7 37 23 16 29 10
24 3 35 25 33 4 16 17 18 21 41 6 15 19 10 22 36 34 30 5 28 37 23 2 13
12 31 13 25 15 12 3 9 27 34 2 37 33
12 31 26 32 18 8 28 40 9 12 3 29 14
14 39 27 41 1 17 24 34 37 2 25 33 18 29 38
24 15 32 38 11 10 37 6 17 36 14 28 3 4 25 24 9 21 2 34 30 33 27 31 20
16 15 13 7 21 18 40 38 27 14 32 31 10 4 37 16 20
12 24 15 39 38 13 8 32 3 19 1 35 12
17 11 35 17 38 10 6 1 7 2 26 15 28 25 40 13 16 23
27 10 31 3 19 37 40 39 35 41 15 1 5 17 22 30 7 8 12 29 34 25 32 23 6 9 24 18
28 33 40 28 10 5 14 35 26 36 9 15 7 20 34 41 12 21 24 19 18 23 38 11 31 30 17 32 6
24 18 23 11 17 16 41 31 10 34 20 33 25 39 4 21 15 3 32 2 24 6 27 38 22
13 29 12 32 38 6 35 40 22 10 39 26 41 3
24 27 22 41 20 39 12 26 37 40 33 25 34 31 1 17 15 32 9 24 3 38 21 28 11
19 28 37 16 15 7 14 30 40 19 23 27 32 35 20 38 25 11 10 1
10 19 36 17 22 35 31 20 6 37 5
22 17 5 21 18 29 9 33 19 30 10 11 36 26 28 41 39 35 16 1 38 8 37
22 39 33 25 8 23 18 32 4 26 3 7 38 37 31 40 24 36 6 35 22 12 28
9 29 5 12 25 2 14 21 33 28
24 27 21 38 13 23 15 41 18 12 39 7 31 37 6 24 32 9 36 28 3 16 11 35 10
12 20 30 37 6 28 9 31 13 32 15 33 25
15 4 22 21 28 26 9 3 6 18 10 41 24 19 30 36
16 36 29 19 1 33 9 35 30 27 15 7 40 14 28 2 21
14 15 40 18 27 37 34 36 7 13 32 16 39 11 29
19 31 25 27 37 5 24 8 16 40 36 21 32 30 34 29 6 9 19 2
8 6 38 1 24 22 4 28 40
22 2 14 9 16 41 26 25 36 11 8 10 20 24 38 1 12 22 18 29 32 28 15
27 18 10 37 40 13 21 28 27 39 26 8 3 41 4 5 38 9 17 35 22 29 30 12 19 1 15 33
8 20 10 15 12 16 14 40 4
18 8 22 41 37 5 39 30 9 6 12 28 26 23 21 3 20 27 34
28 7 24 12 40 4 14 26 30 25 19 27 39 9 16 13 11 21 37 32 36 3 1 2 38 29 23 34 33
26 40 30 37 36 25 13 5 17 41 9 34 23 22 4 1 20 35 38 12 2 3 32 16 6 19 26
10 8 40 11 12 22 24 9 17 4 3
12 11 20 33 34 40 5 1 6 38 28 9 30
16 33 32 31 7 34 35 21 22 3 2 11 17 28 24 9 19
13 33 11 32 39 35 28 30 2 19 12 16 24 41
24 2 32 30 34 12 7 33 18 3 13 35 41 9 27 25 6 36 20 39 29 4 40 11 23
23 35 17 26 1 4 34 2 3 19 11 22 9 27 31 33 24 10 36 12 21 30 28 32
27 1 35 13 29 20 14 7 9 24 11 31 41 38 23 33 3 12 10 19 26 16 30 40 6 15 28 27
13 21 39 17 29 40 3 6 4 28 10 11 41 36
21 25 18 17 33 13 24 41 37 40 29 6 3 30 19 27 21 11 14 9 35 32
18 37 24 25 27 38 32 22 8 40 19 9 6 21 5 35 10 41 2
15 18 2 30 39 32 28 21 1 9 33 14 35 41 23 27
14 10 2 26 35 23 1 11 13 12 27 24 3 18 34
17 7 25 41 38 14 17 39 26 18 1 31 40 4 34 23 28 9
25 1 5 16 32 23 27 28 25 40 14 22 19 29 35 6 18 2 13 9 4 11 31 38 15 8
25 21 32 18 39 40 8 2 30 7 9 38 37 31 10 36 23 19 24 20 33 26 6 34 5 4
26 36 19 26 39 15 10 37 38 18 11 3 35 16 14 29 8 28 41 22 21 7 13 25 23 32 34
26 33 25 27 39 14 6 16 35 23 9 3 37 12 29 34 32 22 41 10 31 11 19 5 26 20 36
21 11 6 37 19 5 35 27 9 17 31 13 1 18 16 39 28 23 40 41 8 14
9 12 10 21 29 36 30 32 28 6
28 40 14 38 32 13 19 28 2 7 15 9 31 16 36 10 17 4 33 25 11 39 5 8 23 24 29 18 30
16 38 17 16 37 23 33 13 12 15 40 14 41 21 31 6 25
10 40 8 22 3 15 26 7 29 27 19
9 22 23 25 2 19 12 30 21 26
10 11 12 25 36 28 15 35 10 2 17
21 9 11 6 35 3 12 31 38 39 33 25 4 10 19 18 26 28 2 21 16 30
18 26 34 11 8 1 10 19 27 12 18 20 13 32 31 9 6 28 3
13 17 2 30 41 21 1 23 39 22 11 7 36 31
11 28 37 13 14 9 34 4 23 32 20 2
13 28 21 36 6 12 3 22 38 24 30 5 15 26
11 23 1 25 24 5 36 18 32 4 39 29
9 34 7 24 19 39 22 2 18 37
25 37 35 41 33 6 9 32 26 4 1 14 28 10 31 29 25 39 5 17 34 7 22 11 19 40
23 18 41 11 31 13 38 37 20 23 34 8 6 28 29 24 25 17 2 27 22 4 16 30
13 9 32 39 19 8 30 24 28 3 6 36 7 23
25 8 38 14 39 18 13 6 15 37 9 34 31 19 29 24 5 22 3 40 23 1 17 16 27 33
11 28 41 9 6 37 13 32 14 26 5 29
21 13 24 12 39 1 18 7 34 21 33 19 6 32 35 16 27 26 28 4 29 17
8 31 15 9 27 33 6 23 38
18 29 2 27 41 30 4 10 31 38 16 21 36 17 15 19 12 5 22
18 19 35 23 31 18 33 5 38 20 10 13 32 12 34 28 29 24 21
28 32 38 41 5 27 29 37 18 10 25 12 2 3 19 14 23 31 13 15 9 1 28 39 34 8 16 4 33
26 11 17 16 1 2 25 40 6 39 41 38 33 27 18 3 22 21 34 24 4 35 37 23 29 26 20
21 11 31 18 10 32 17 21 6 1 3 7 35 14 27 8 23 2 36 16 13 34
15 38 36 6 35 2 22 30 32 20 25 3 7 1 26 4
26 16 22 27 13 19 38 3 4 12 34 25 35 8 7 39 17 1 32 36 23 20 11 5 9 29 26
28 39 37 10 30 25 6 41 17 13 22 38 36 28 1 33 35 19 32 3 34 15 14 20 26 12 31 23 29
20 28 14 6 3 15 19 20 32 37 17 10 29 39 41 7 25 24 13 5 9
16 33 10 16 23 18 28 41 38 14 6 8 26 27 17 13 4
9 12 39 15 29 24 9 32 40 22
13 19 25 4 21 33 35 10 13 39 24 26 18 31
22 15 40 16 13 5 27 24 21 17 1 6 11 32 25 39 2 14 29 28 10 38 18
16 20 35 25 2 8 4 31 1 6 28 17 11 10 18 30 32
23 34 30 4 39 35 10 25 2 3 21 5 17 9 41 31 15 24 32 18 6 11 26 12
13 13 18 4 39 6 1 34 17 16 38 40 27 3
12 3 35 19 37 36 8 28 34 22 15 12 9
20 24 34 11 6 17 16 41 21 4 40 36 22 28 5 14 3 19 25 30 35
13 26 12 24 18 10 31 21 28 13 17 39 25 9
28 33 12 29 6 41 36 15 9 18 39 2 26 23 3 27 21 14 1 22 24 28 30 32 19 5 10 25 11
19 2 22 14 19 6 9 18 26 10 25 23 33 7 31 30 1 28 21 17
23 41 34 14 1 17 21 2 10 3 13 5 26 38 18 11 30 20 40 7 28 29 4 24
10 8 40 21 2 19 12 27 33 30 29
14 40 36 9 2 11 4 5 27 20 14 7 17 38 25
13 29 33 27 18 38 17 6 37 16 41 20 31 34
27 16 12 38 4 31 19 34 26 17 20 35 7 3 29 8 28 18 22 40 24 11 9 39 30 25 23 5
18 16 21 9 14 31 29 19 8 1 30 25 10 28 3 12 4 2 24
19 38 36 32 20 3 12 9 7 33 29 2 18 25 19 39 15 4 27 35
21 9 7 31 11 28 15 25 1 18 32 35 8 3 5 36 41 22 30 21 39 10
22 4 31 8 11 37 14 35 40 16 41 3 17 23 2 10 33 15 1 24 21 26 5
27 41 19 30 15 6 37 36 38 13 33 17 5 3 16 10 26 29 12 35 23 14 11 25 34 18 7 39
28 31 19 32 41 24 27 39 29 20 5 13 16 30 33 11 3 26 15 7 8 22 1 40 9 4 28 35 21
11 41 2 31 17 3 11 12 37 39 18 25
16 4 2 23 32 16 10 34 40 18 21 35 36 15 31 41 3
23 13 34 38 1 28 30 4 39 19 31 11 5 23 41 14 15 16 9 27 22 40 21 36
18 3 38 6 28 40 21 31 22 5 37 18 23 34 9 25 14 36 35
10 12 34 21 18 22 39 6 13 37 2
11 12 28 14 27 4 34 21 32 15 18 5
22 22 28 21 20 4 16 11 10 34 6 19 35 13 40 8 9 37 2 24 26 36 29
13 10 6 22 40 13 1 38 18 28 23 39 17 9
28 8 33 37 27 14 21 22 34 5 3 7 39 32 30 25 11 15 20 16 24 19 35 29 28 23 2 4 18
14 25 15 8 30 19 34 40 27 29 3 35 41 32 37
10 6 25 37 29 22 32 39 14 5 1
17 40 2 16 17 36 32 26 39 34 29 37 33 12 18 27 6 19
24 14 1 35 24 11 40 4 27 25 22 7 29 32 12 15 6 21 28 19 20 3 37 34 26
18 40 41 19 14 32 35 37 5 18 33 2 34 23 22 1 15 24 12
25 11 40 25 35 19 20 29 24 39 7 6 21 34 17 30 8 27 16 36 26 3 1 28 14 38
14 36 25 38 14 19 16 40 12 9 1 23 18 13 26
8 21 14 5 27 33 11 10 25
13 34 27 1 6 24 18 14 40 29 32 38 4 11
19 32 31 23 9 11 26 20 19 1 27 15 25 5 8 21 36 38 39 30
12 20 19 17 23 16 21 30 6 22 29 41 14
12 39 5 29 2 11 13 8 6 21 7 36 23
24 20 36 23 4 9 6 14 13 29 37 10 16 17 7 35 25 27 26 21 8 33 15 22 31
28 38 32 19 26 4 25 13 2 11 36 29 14 1 27 6 31 17 5 22 7 39 3 33 21 9 41 20 23
15 24 35 27 3 40 1 16 18 17 32 14 33 31 5 23
22 5 40 18 16 25 20 37 36 23 34 6 2 19 29 4 31 24 3 13 7 26 27
16 31 37 10 30 6 13 14 23 38 35 22 27 18 3 11 25
19 18 31 19 27 24 36 41 12 32 13 22 3 21 29 23 26 39 2 38
13 14 24 6 36 17 25 41 30 21 4 20 39 9
9 1 13 15 14 39 9 22 28 24
19 24 12 20 21 37 15 7 33 18 26 6 16 29 23 39 22 27 2 14
27 19 29 25 2 12 20 26 22 38 37 28 41 11 31 21 23 10 40 15 14 36 34 17 7 39 16 33
18 14 12 35 33 27 30 41 25 38 5 3 26 18 7 17 28 39 32
23 19 1 34 32 21 3 4 39 8 2 20 14 41 12 36 17 31 10 23 24 30 35 22
22 22 18 41 5 19 17 2 16 35 26 10 36 12 32 28 11 33 40 9 15 30 34
17 41 33 26 22 21 24 11 40 34 37 7 14 18 3 8 30 27
28 14 7 26 3 4 17 23 29 38 10 12 40 36 27 22 6 34 1 35 15 20 11 18 31 33 37 9 16
16 30 20 19 1 24 7 15 16 39 11 10 26 31 17 34 32
17 30 12 29 33 22 19 20 15 3 25 9 2 23 41 26 34 24
24 24 23 34 29 37 36 28 12 19 41 33 10 25 1 18 6 35 31 3 13 22 21 26 16
26 9 35 21 18 33 34 23 12 13 24 7 10 22 8 31 15 28 20 25 11 36 38 3 32 29 27
14 12 18 5 10 1 27 34 29 38 2 15 25 26 35
21 4 27 2 8 34 24 14 36 40 29 17 13 35 32 1 28 9 18 15 37 6
23 8 22 3 23 12 26 18 41 21 9 36 31 29 40 10 24 16 20 38 27 19 6 1
19 18 8 3 20 26 29 11 41 32 36 15 2 30 33 39 38 34 27 7
23 1 15 30 9 5 38 16 20 2 21 23 6 41 29 4 11 31 24 35 18 8 19 33
16 27 5 18 3 35 20 22 24 4 34 33 15 32 39 1 40
15 6 3 1 14 30 25 13 17 37 4 12 7 28 24 32
14 22 11 33 28 31 24 10 34 17 40 16 13 19 21
11 10 14 39 15 4 36 31 18 22 20 30
22 7 20 3 22 15 16 29 27 2 25 39 24 10 38 36 28 34 32 35 23 18 9
11 40 24 20 16 30 31 11 18 3 14 4
26 11 31 28 12 29 2 3 41 38 16 15 26 30 39 34 4 1 22 17 40 13 20 6 21 14 10
8 4 39 12 11 7 30 35 2
8 14 32 15 38 30 31 23 5
13 1 8 19 33 31 28 21 25 23 22 20 3 12
25 11 20 26 28 1 14 32 34 29 36 35 16 23 40 21 22 27 41 33 18 17 39 6 2 37
13 32 31 9 21 39 20 34 30 23 41 37 27 7
24 21 4 17 10 15 2 38 6 28 29 16 9 19 7 31 1 26 25 34 40 39 35 14 11
16 7 30 8 17 18 24 11 26 27 21 41 40 6 16 15 29
26 34 2 24 16 40 18 6 17 1 19 3 38 9 22 11 25 32 10 12 35 36 23 20 33 21 39
18 4 8 24 7 2 5 39 9 32 6 41 30 17 22 38 36 35 28
28 32 29 2 1 40 22 26 13 14 41 7 4 35 20 38 21 19 30 3 37 18 5 25 33 23 17 28 9
10 16 18 39 6 32 31 15 7 3 24
12 22 35 17 5 27 12 11 15 40 13 41 14
12 30 13 36 6 4 5 32 16 2 17 10 40
16 38 14 3 32 36 2 30 35 27 29 21 19 37 20 4 17
20 30 13 20 12 16 40 37 17 15 36 23 32 41 18 10 14 3 33 39 1
10 25 4 36 6 27 38 13 20 12 31
14 17 23 2 8 22 36 34 7 29 33 5 9 15 11
28 40 30 4 18 21 5 1 22 20 2 23 31 8 12 16 38 29 33 32 10 35 27 9 24 11 39 19 26
19 26 30 1 4 22 38 19 27 9 20 29 13 2 5 17 39 35 11 41
27 1 14 5 10 19 37 4 28 38 34 25 24 11 6 31 26 30 15 12 2 32 33 23 17 22 27 3
25 32 28 17 27 16 34 23 29 5 6 18 25 22 19 4 38 36 10 3 21 35 33 9 15 20
13 37 7 14 30 19 13 5 36 4 21 22 16 2
9 29 17 11 12 26 8 33 28 19
26 18 11 26 16 35 39 20 25 6 22 3 19 29 13 23 1 28 7 21 33 40 9 30 15 38 36
28 31 41 36 27 10 3 5 17 39 7 4 38 12 29 40 25 22 11 6 16 37 35 34 9 15 26 30 33
27 28 13 40 10 16 27 1 31 41 29 5 20 9 39 6 19 22 11 35 26 37 14 33 34 30 4 8
16 14 1 20 10 41 33 15 2 31 36 21 7 37 40 38 28
25 21 13 2 4 1 10 14 37 23 17 32 8 22 30 39 16 18 27 38 12 31 6 24 29 5
28 17 26 36 9 31 39 14 33 20 22 8 11 24 13 3 6 25 38 4 7 30 41 32 27 23 18 29 40
27 12 22 24 18 31 16 7 4 37 39 25 34 29 28 10 2 26 5 17 11 9 6 41 20 33 1 36
21 34 17 41 5 8 6 21 11 9 29 26 30 31 13 7 3 2 39 18 36 19
18 17 22 21 3 23 15 16 5 27 33 1 29 25 6 11 24 41 31
27 11 32 28 35 38 4 25 16 7 20 18 30 14 26 19 37 9 13 1 22 34 5 39 12 2 27 33
12 34 1 5 11 7 31 41 18 3 33 8 14
24 36 37 5 39 27 1 2 9 12 21 31 22 41 18 24 20 16 17 14 23 3 26 29 28
8 14 4 12 41 25 3 9 33
28 29 8 37 6 31 5 25 39 36 15 28 14 19 38 27 30 26 12 40 16 4 20 41 3 23 18 1 21
16 35 12 11 7 39 5 33 34 2 23 15 26 32 6 1 4
8 36 19 11 18 24 20 23 22
17 14 36 28 30 3 31 8 21 29 40 4 16 34 17 22 39 37
20 4 36 7 38 22 40 41 21 16 18 3 8 32 11 27 26 33 39 35 19
21 5 21 23 32 13 30 29 9 22 11 33 38 39 36 31 2 17 18 27 4 34
21 32 29 35 23 34 19 22 37 28 41 14 25 36 17 10 21 3 20 1 18 30
22 7 16 39 25 33 1 27 6 9 24 11 35 36 2 40 32 26 21 28 30 31 4
25 14 21 39 13 32 18 30 10 27 7 17 33 40 15 8 12 41 26 4 29 31 19 9 25 38
26 13 1 15 38 30 35 27 37 25 24 23 11 39 33 22 41 16 20 10 28 7 14 32 26 31 36
12 23 18 9 19 3 28 11 38 13 2 31 35
23 3 32 10 24 29 25 30 9 33 16 12 39 4 14 35 11 5 38 37 26 15 19 8
11 20 30 25 5 36 40 12 17 8 9 27
9 25 36 1 18 20 28 39 30 33
27 40 26 36 15 2 30 33 7 20 38 5 35 21 39 17 4 11 16 41 37 8 27 6 31 10 14 12
20 13 8 38 21 9 29 2 16 36 20 32 26 22 4 3 19 27 37 7 6
8 36 35 12 15 33 34 11 8
12 26 10 37 21 15 6 38 4 39 28 24 9
8 41 17 14 36 2 30 29 11
25 27 35 9 33 6 36 11 26 7 8 1 10 17 38 24 5 13 34 4 31 32 21 15 23 30
28 1 14 37 32 31 40 34 16 20 10 6 36 27 38 9 2 7 35 22 3 26 24 28 41 25 17 8 21
19 4 19 18 14 9 10 24 15 29 30 25 32 33 16 1 31 11 36 28
11 40 27 22 3 18 29 13 7 39 20 25
26 31 6 33 11 18 37 4 7 16 12 3 17 36 34 27 9 15 38 5 10 32 29 28 23 1 13
13 20 11 16 21 30 40 8 12 25 7 3 27 17
27 6 25 5 41 27 31 9 16 36 29 10 18 14 35 26 34 33 3 32 8 4 38 7 15 40 23 13
14 15 1 21 26 35 4 5 34 12 28 20 40 22 37
11 35 40 26 19 4 37 24 36 10 28 20
14 15 26 8 35 36 13 3 10 11 25 24 33 28 20
26 15 41 24 20 6 35 25 3 22 7 23 21 27 9 36 32 28 31 14 10 33 26 37 2 11 12
17 24 34 41 37 16 30 40 35 26 32 2 28 29 14 25 8 15
27 14 2 30 31 19 3 25 18 27 33 13 7 32 11 39 29 9 28 20 24 38 17 6 4 35 15 5
15 33 7 40 12 10 20 1 25 6 30 41 5 36 37 11
23 36 40 2 19 26 8 15 11 21 20 6 38 22 27 37 33 23 30 10 25 12 41 9
27 12 34 23 38 3 6 15 25 10 19 26 16 7 13 20 5 27 14 11 29 40 24 9 4 17 2 8
25 25 38 2 28 15 31 6 19 30 13 11 40 21 23 32 14 9 16 10 8 22 18 33 34 3
12 22 4 25 19 23 17 29 36 28 13 39 9
26 12 30 10 27 35 22 11 23 6 41 39 15 34 33 29 21 19 1 7 36 14 2 16 26 8 18
12 23 12 4 5 35 15 7 37 38 20 10 36
23 31 21 29 16 4 6 36 15 2 9 12 7 34 37 8 38 22 18 14 11 39 23 40
16 28 11 25 27 41 14 9 36 6 32 1 24 18 8 3 26
24 26 32 41 35 24 25 21 6 19 30 14 31 20 23 39 2 38 9 16 8 17 11 1 4
19 31 33 26 37 24 29 39 10 30 22 28 18 23 41 15 3 35 6 40
20 8 12 26 2 31 14 24 38 10 3 15 32 16 41 11 22 37 40 27 36
22 41 1 20 25 5 26 21 8 14 11 6 16 15 12 35 32 38 30 10 27 36 18
10 2 24 39 28 17 32 9 4 7 33
24 11 39 26 23 21 13 18 16 35 36 7 24 6 14 9 4 12 40 32 2 25 20 28 8
28 17 30 16 19 29 5 33 12 1 32 40 6 26 37 7 3 38 18 23 4 34 11 10 22 14 15 20 35
25 20 40 31 41 25 18 34 38 5 13 10 7 8 3 17 33 6 27 14 12 4 28 16 1 9
8 34 9 33 25 22 28 31 17
24 1 8 12 30 20 23 32 31 25 16 24 18 11 36 33 39 21 5 29 26 27 3 40 10
9 6 12 13 41 16 32 18 9 2
21 41 25 36 26 11 9 24 6 12 13 3 10 17 2 19 7 23 8 39 20 30
22 18 30 5 1 21 8 41 31 13 29 7 10 2 12 3 20 40 26 36 15 35 19
23 29 33 26 15 9 34 8 31 39 35 2 6 19 18 21 11 5 1 24 32 14 23 3
10 33 11 23 29 8 12 28 14 41 24
23 38 30 18 3 10 29 33 37 24 9 35 8 34 5 12 2 4 14 1 25 26 23 21
24 2 13 27 22 37 29 39 15 17 9 12 19 26 16 31 35 14 23 25 5 38 10 7 33
26 6 5 26 4 27 34 3 20 11 28 33 21 18 30 23 32 38 24 37 16 10 14 25 1 31 41
18 29 6 37 10 24 17 18 33 16 7 36 14 21 34 28 32 11 8
28 5 13 30 17 19 1 27 14 39 4 11 15 25 20 18 8 3 26 29 40 38 22 37 16 7 6 2 21
14 25 41 7 36 14 28 40 29 6 1 12 34 22 20
17 2 22 18 25 37 27 16 33 10 29 19 21 32 4 12 39 23
27 8 12 25 17 39 21 13 34 24 14 2 16 37 20 11 35 32 19 1 23 3 41 30 15 28 18 22
22 5 2 36 12 21 17 16 1 23 33 32 6 15 11 7 13 19 38 35 30 37 9
26 8 36 6 22 37 2 5 33 15 27 18 39 41 32 16 26 35 13 10 14 20 24 25 17 1 23
23 3 23 8 10 29 18 21 24 27 40 34 14 15 38 16 17 37 26 41 9 20 2 30
28 6 8 19 31 29 35 5 21 39 14 16 30 33 11 3 1 28 18 10 2 34 7 41 20 15 22 9 12
9 37 16 18 38 29 7 14 6 9
11 13 32 5 37 2 30 35 14 24 4 26
25 18 28 3 4 20 21 38 32 13 7 8 2 39 1 15 22 41 5 19 10 29 40 34 26 9
19 19 31 18 40 28 32 26 35 34 29 7 37 13 30 17 15 39 33 3
22 13 31 30 18 39 4 23 21 28 26 1 8 3 12 14 19 11 41 27 29 25 17
21 20 15 29 7 13 1 6 8 21 28 11 16 35 27 33 23 17 18 14 32 41
26 35 30 34 17 7 40 9 29 18 24 41 37 11 5 20 38 28 32 27 3 1 21 36 13 6 19
10 4 7 16 1 35 21 32 2 33 31
24 10 24 31 7 1 12 17 38 26 20 4 18 5 2 29 21 27 33 36 37 34 9 39 8
12 25 6 32 30 31 17 12 26 23 27 38 4
23 33 19 7 13 14 40 4 30 37 41 29 39 10 2 23 35 8 6 20 16 38 1 22
23 1 14 27 39 3 12 29 33 22 26 20 36 13 25 2 21 41 18 23 7 17 32 40
25 10 35 39 30 29 6 24 38 2 3 1 18 23 36 14 8 11 7 4 26 25 40 9 37 17
28 18 19 2 32 9 26 21 28 14 22 24 41 31 25 27 5 10 23 12 38 4 7 37 13 15 30 8 16
17 37 38 4 14 34 5 40 22 17 41 2 11 15 23 10 25 35
25 39 17 28 12 38 22 26 18 37 24 35 3 23 7 8 29 19 40 6 36 16 14 21 34 2
13 15 21 13 14 8 9 34 10 32 35 20 26 1
27 6 25 11 15 17 8 13 33 37 22 31 28 24 14 40 36 32 12 29 7 5 18 30 39 10 41 38
13 21 6 8 28 18 29 7 27 31 30 41 17 15
18 19 24 9 37 18 2 28 31 38 6 41 13 17 4 26 3 21 29
26 21 10 29 4 31 32 24 8 39 19 11 25 20 23 26 12 40 13 34 27 6 7 41 14 2 17
9 24 15 23 1 38 5 33 19 18
18 25 35 22 1 20 15 39 36 27 8 11 12 32 5 17 26 4 33
19 5 3 38 1 2 21 22 35 7 6 20 8 39 27 29 10 24 4 14
12 24 25 20 23 31 2 3 6 26 39 17 12
17 40 14 28 16 5 27 19 21 7 11 9 30 1 33 20 31 3
11 10 14 33 5 34 6 4 36 25 39 30
26 21 29 16 35 33 23 18 1 28 34 32 24 19 8 13 36 22 31 39 30 40 10 5 17 38 20
13 17 6 29 4 16 22 2 33 40 21 18 35 20
23 22 32 3 17 20 7 2 40 23 12 36 26 25 39 31 10 15 13 41 29 8 1 6
26 8 38 30 36 25 18 33 13 15 31 34 10 41 24 11 22 14 21 39 28 6 20 7 19 2 5
15 10 17 26 2 33 34 5 9 31 16 41 12 3 39 23
19 31 33 3 9 22 17 35 27 18 26 19 8 41 36 28 10 15 25 2
14 21 32 25 37 40 15 23 26 20 10 8 29 9 6
18 21 6 32 10 30 22 41 23 40 1 24 31 33 11 2 12 18 13
22 31 39 24 1 19 23 10 26 3 40 21 30 8 9 11 29 33 4 35 41 16 18
8 19 6 32 37 18 3 34 22
28 39 12 21 11 17 22 25 33 38 37 31 34 13 30 15 20 35 3 18 41 19 32 29 5 16 6 24 28
11 7 38 36 40 29 6 32 33 17 20 28
19 10 37 34 5 30 38 33 17 15 39 8 16 31 18 19 29 13 1 36
10 16 23 34 29 36 35 1 18 37 14
27 31 6 22 28 25 32 3 26 8 38 14 16 20 34 9 29 5 2 4 17 12 40 37 11 33 18 36
8 36 31 20 30 15 17 2 41
13 5 23 13 38 19 26 25 6 11 21 36 32 24
9 37 3 26 12 36 11 16 1 28
19 5 38 7 1 16 12 4 40 6 18 14 25 11 20 34 39 13 28 36
9 20 8 14 2 3 26 9 35 16
24 36 2 40 5 16 18 27 6 31 38 14 22 24 39 3 30 23 32 21 15 1 9 33 35
19 39 16 35 24 41 8 19 30 20 28 37 10 21 18 25 34 22 7 27
14 16 2 28 31 27 23 4 37 36 25 30 17 26 19
15 3 29 39 26 24 30 37 8 13 28 11 16 41 14 21
23 14 4 24 37 23 11 9 38 3 15 20 29 12 1 5 27 13 32 28 35 10 39 2
25 30 25 2 37 3 20 10 17 29 22 6 21 38 27 36 41 13 11 24 39 23 8 28 26 15
24 27 20 25 38 13 4 16 35 36 19 15 8 34 9 2 33 28 31 1 18 10 12 7 5
13 15 21 39 25 30 11 1 2 14 40 8 9 24
19 7 30 3 22 37 39 13 16 38 18 17 23 35 33 19 12 41 11 28
24 12 36 10 33 32 14 13 23 40 2 39 17 11 3 15 6 27 16 37 5 34 1 21 20
15 30 20 25 37 31 14 6 27 32 34 2 17 11 23 35
17 24 16 15 11 25 33 3 17 26 32 39 22 2 34 8 4 38
11 17 30 23 33 6 37 12 1 28 32 16
12 24 17 10 40 30 29 11 18 28 14 13 3
24 38 32 20 27 4 1 2 28 29 11 39 5 23 13 7 21 35 24 37 10 14 34 6 22
15 11 38 13 39 10 12 17 34 15 4 28 33 29 3 30
11 39 18 40 38 25 28 37 8 15 10 27
13 11 36 6 30 16 13 34 39 22 14 21 12 5
17 41 38 1 23 3 25 5 16 37 2 12 6 36 8 24 31 15
15 5 2 31 40 13 9 28 1 21 27 19 34 17 38 20
8 33 17 14 6 39 12 7 27
11 33 16 9 27 4 5 11 31 41 25 28
26 11 12 38 20 30 3 14 4 7 33 21 35 29 8 31 41 27 9 28 5 40 13 1 32 34 26
8 14 16 23 13 6 8 32 37
12 18 17 25 14 4 27 16 8 28 15 29 34
11 38 17 7 9 24 39 1 8 40 34 31
20 1 14 23 5 27 37 12 13 19 41 40 16 31 29 7 6 22 36 4 35
21 10 32 20 9 8 18 29 16 6 12 4 25 24 30 19 23 26 35 3 2 31
11 36 4 15 18 7 23 28 6 3 22 41
24 18 22 41 31 19 8 15 33 23 21 14 37 2 39 25 28 12 3 4 11 16 17 30 7
11 20 3 18 10 32 6 39 31 13 23 38
17 35 27 16 24 11 7 22 8 2 28 6 37 14 30 13 31 21
25 17 29 26 3 38 23 34 33 15 25 12 9 2 20 30 19 35 14 36 18 28 10 39 16 6
26 32 35 17 41 22 30 33 28 39 16 8 23 27 13 40 1 18 21 4 2 15 5 37 29 20 6
18 18 20 21 34 31 4 39 14 33 26 28 29 19 6 27 41 7 8
13 41 37 15 36 1 23 31 27 26 17 39 25 28
10 2 37 18 5 15 3 34 40 28 39
20 28 23 35 17 27 7 36 16 41 38 5 12 20 10 8 14 19 33 6 1
27 6 35 36 26 29 30 3 22 4 1 14 11 16 37 38 10 27 8 31 40 17 9 20 23 15 18 5
23 30 5 40 34 14 25 26 20 36 18 37 29 24 17 12 27 16 7 22 32 15 4 23
14 1 7 6 16 17 27 41 4 40 39 11 18 28 8
11 11 5 3 4 14 20 39 29 13 28 19
8 5 19 17 2 35 16 20 25
15 12 36 33 8 10 38 31 9 32 11 1 29 13 7 18
27 20 32 28 9 10 34 23 5 6 30 39 29 40 21 3 41 37 31 8 36 25 22 11 4 12 13 24
20 34 41 3 29 21 20 28 9 38 24 37 1 14 25 35 6 22 16 7 2
14 39 33 12 5 35 29 1 31 19 26 7 27 14 25
18 4 31 5 11 3 15 26 18 7 25 29 6 20 36 22 30 35 39
26 21 6 20 24 15 2 7 28 36 1 8 9 37 16 17 10 13 3 18 22 34 27 40 19 38 12
16 39 33 5 23 20 15 26 35 19 34 4 30 27 1 41 24
24 28 4 39 35 11 38 24 25 18 36 7 12 19 33 1 22 10 9 14 8 37 32 27 30
17 40 31 34 28 36 14 20 29 5 21 26 8 11 1 25 16 27
27 36 4 19 28 10 7 6 11 17 15 8 12 5 18 40 24 31 16 29 3 21 38 26 27 23 30 2
18 2 6 26 19 21 16 13 41 10 40 29 9 25 38 18 15 14 39
24 7 3 2 28 24 30 31 18 39 22 29 6 20 34 10 4 35 14 19 25 5 33 13 16
22 10 20 11 15 38 41 2 18 9 6 5 7 35 31 39 13 25 12 33 27 26 19
13 29 3 36 9 4 10 16 31 18 13 32 28 27
26 3 27 4 29 40 39 28 21 31 30 17 36 37 6 25 14 20 1 8 19 23 15 10 26 5 41
24 21 41 27 30 33 26 32 8 3 18 23 14 9 37 22 28 1 35 7 29 25 10 16 12
22 41 18 3 16 31 32 21 27 28 11 23 17 26 9 20 2 13 30 34 33 7 38
12 15 29 8 18 30 19 25 26 9 17 2 28
19 32 13 11 30 3 18 16 25 36 2 38 5 4 35 10 24 9 7 23
9 17 21 39 22 10 35 23 37 3
22 33 34 6 3 30 23 10 4 37 41 40 14 28 17 24 9 15 18 1 2 22 32
26 15 41 35 26 6 25 12 3 29 39 37 23 19 21 27 13 8 32 20 38 10 4 33 18 28 17
22 28 11 20 34 23 39 41 40 35 31 4 32 24 12 15 38 3 22 10 2 14 37
11 4 32 35 17 14 6 18 15 34 36 3
20 40 35 14 34 36 38 28 12 24 2 6 8 25 19 10 18 23 3 39 37
26 1 38 10 34 15 2 9 41 40 7 24 18 22 33 39 23 35 32 26 28 36 16 12 8 20 6
27 28 16 1 2 30 12 29 11 10 35 17 20 3 41 31 25 9 14 24 36 6 39 40 22 23 33 5
20 36 9 41 3 31 15 39 19 37 16 24 33 21 18 8 30 17 38 26 25
8 26 4 9 17 25 41 29 11
19 1 37 14 8 17 18 15 24 11 3 2 25 23 16 39 12 31 28 29
11 41 28 20 19 14 5 25 29 18 32 24
16 34 28 9 39 31 17 5 12 7 2 38 32 13 16 25 3
16 32 40 23 31 4 35 22 26 25 8 15 16 34 13 24 38
9 38 27 30 21 24 29 5 33 20
19 15 27 25 30 1 32 37 35 28 40 2 24 14 3 29 41 11 4 8
14 6 19 8 14 18 28 4 27 13 25 20 16 29 21
15 9 38 37 30 17 21 29 19 4 25 31 28 10 6 16
26 23 13 17 20 36 5 37 2 22 3 1 12 15 40 4 25 7 24 35 27 16 41 8 19 28 34
10 2 33 35 25 31 38 14 11 27 20
17 24 39 18 27 41 5 40 20 3 37 17 31 35 22 34 4 13
19 15 22 24 29 6 14 38 7 11 20 34 16 36 40 32 17 13 27 37
13 29 24 32 5 21 25 18 23 30 1 20 31 17
26 23 27 4 8 21 17 41 33 38 25 13 22 2 24 5 37 19 29 39 40 36 26 11 14 32 28
11 13 3 37 40 19 10 27 1 35 28 32
11 29 14 11 28 22 30 10 39 18 36 1
16 1 41 2 38 37 31 10 20 11 4 34 3 22 19 26 6
27 22 24 6 36 3 35 30 10 1 40 29 19 26 14 15 21 4 37 33 27 17 5 25 9 16 2 32
12 24 31 23 29 17 8 41 4 10 39 33 15
19 40 12 27 7 25 41 15 19 4 21 26 34 17 14 39 29 8 20 33
11 34 4 8 6 31 23 11 18 14 19 20
21 9 25 38 10 31 15 26 6 33 18 11 5 4 36 20 14 22 40 12 35 13
9 28 29 24 33 41 8 6 2 16
12 3 1 7 14 31 4 37 33 28 27 10 29
12 1 29 18 14 8 37 5 6 11 19 39 7
15 15 29 30 18 24 2 17 27 16 39 25 23 6 41 10
28 27 28 4 23 13 5 7 18 35 1 11 3 38 21 36 34 9 19 12 10 20 33 16 40 39 31 25 30
28 8 10 5 15 36 21 29 2 14 39 1 41 23 6 20 9 25 7 4 16 31 27 33 28 34 37 40 24
12 35 6 19 16 3 11 7 37 33 40 2 10
18 21 1 26 40 27 5 14 28 17 20 9 34 38 10 3 30 22 6
20 15 41 31 9 10 7 24 8 11 19 30 20 1 17 18 34 16 32 13 40
18 7 13 4 6 39 12 36 35 23 9 20 10 5 34 14 8 2 25
16 23 4 31 38 24 10 9 11 27 20 33 7 5 39 16 21
24 36 22 38 15 3 33 37 20 21 2 28 12 5 6 41 19 32 9 1 7 35 31 27 11
20 16 20 2 38 22 34 41 40 4 25 29 27 28 39 3 35 5 7 26 17
25 24 6 31 17 13 29 25 21 8 4 22 26 37 33 40 27 39 1 18 16 5 36 11 30 3
23 4 21 24 36 29 15 2 13 20 12 39 25 8 35 41 26 5 18 9 10 16 33 14
23 17 35 25 32 24 21 11 7 10 40 5 4 33 26 2 36 15 23 30 8 9 38 27
16 11 4 2 32 24 34 41 21 36 5 29 39 38 26 25 30
25 29 15 5 28 36 22 12 14 30 21 41 11 8 31 23 18 26 35 1 19 17 24 7 6 25
25 12 18 8 1 21 24 3 40 7 32 2 10 35 29 9 27 25 19 31 16 38 33 11 17 6
10 3 13 21 19 28 29 17 14 5 11
25 1 7 40 15 38 35 5 37 34 32 21 33 26 13 6 9 14 36 23 39 41 29 20 30 4
20 31 38 30 16 3 7 21 17 39 1 15 10 18 19 11 9 37 33 20 8
27 14 26 25 17 9 28 39 34 29 37 8 19 4 27 1 16 35 12 33 22 32 18 38 36 3 21 2
23 33 4 10 18 1 3 25 5 39 21 31 32 7 36 20 13 15 26 11 29 2 41 9
27 13 4 40 8 28 21 9 16 33 14 17 29 25 30 36 20 37 35 27 15 6 11 3 18 2 38 34
18 15 26 23 16 3 17 35 29 30 14 36 4 1 21 24 9 25 7
9 9 29 33 32 34 26 15 11 12
17 38 16 30 2 26 7 5 34 35 31 10 28 12 11 27 40 8
21 13 20 19 15 26 2 4 9 38 28 37 11 21 14 10 16 6 7 22 8 3
12 17 6 10 28 5 18 16 20 33 39 22 38
17 7 5 21 41 34 32 40 4 26 36 27 14 15 33 29 12 25
21 40 29 41 19 9 31 27 10 34 24 13 32 15 4 1 35 23 18 30 6 36
19 36 40 11 32 4 21 41 16 34 28 25 1 2 30 8 3 23 33 13
28 8 27 13 7 32 35 1 10 29 6 21 16 33 12 4 25 18 39 5 17 36 3 15 28 26 31 34 38
14 30 2 28 10 27 3 6 23 36 15 19 21 33 11
14 39 41 15 24 7 16 10 30 3 29 21 5 20 11
20 9 28 22 1 39 36 2 23 13 6 10 3 20 5 34 4 19 31 40 38
18 41 17 18 11 24 40 1 29 14 15 34 35 3 21 9 28 26 27
23 35 34 1 32 22 8 4 23 9 10 20 31 5 3 40 30 37 27 26 38 11 21 39
24 28 36 25 31 9 16 1 5 6 17 39 19 8 41 30 29 24 27 34 13 2 21 10 40
12 28 21 16 22 3 39 8 23 1 2 14 32
26 6 14 9 12 1 30 33 22 18 31 40 2 8 25 37 21 29 4 15 27 28 23 19 10 32 17
10 32 36 30 7 21 28 22 34 9 39
8 39 22 18 25 23 3 40 26
15 32 26 31 25 17 37 35 30 40 18 12 8 16 6 39
13 3 34 27 19 40 33 10 36 14 23 13 12 26
18 27 26 33 5 17 9 24 30 13 7 31 19 3 21 18 15 35 4
23 32 3 41 26 34 2 21 16 19 9 28 13 40 1 18 30 27 4 36 38 5 35 25
25 38 28 29 12 22 13 24 41 40 31 34 4 10 21 6 7 9 16 17 36 26 15 25 20 19
20 4 26 8 34 19 38 39 28 31 41 20 16 12 10 21 3 17 25 6 36
11 36 14 15 17 7 38 1 19 27 20 34
10 2 1 8 39 34 32 41 35 19 11
11 25 3 14 24 13 35 17 31 33 29 11
12 28 2 29 38 40 6 25 30 5 24 4 39
21 3 17 21 30 33 37 40 10 12 18 11 24 25 22 41 20 9 14 1 23 16
8 27 6 25 33 41 21 18 7
11 21 25 20 31 28 19 39 30 17 37 6
24 2 21 10 39 36 40 26 14 12 27 16 13 30 20 17 5 37 7 1 41 35 28 3 4
23 27 22 20 36 26 34 12 40 24 37 28 7 38 2 5 21 32 1 11 41 31 29 3
11 2 11 20 39 17 6 25 14 15 36 40
24 16 6 35 14 41 18 20 4 19 26 31 40 29 36 7 39 33 9 11 1 3 24 37 13
13 27 25 12 9 20 18 2 1 38 34 21 4 8
11 5 31 3 29 12 14 35 6 20 38 9
24 26 23 38 32 18 30 7 35 8 14 6 40 3 15 39 33 19 9 37 5 13 1 31 36
24 16 10 11 32 12 17 2 6 25 18 9 22 8 35 34 40 4 7 20 41 1 21 19 30
8 21 14 34 32 17 26 28 33
10 38 16 25 12 22 30 5 8 13 4
12 18 12 2 22 28 21 27 39 19 23 3 34
16 32 1 20 39 4 28 33 6 16 40 21 15 30 8 34 38
22 25 2 22 37 27 36 29 39 9 14 35 40 12 8 19 38 11 13 32 6 18 17
28 12 35 22 28 7 9 2 39 21 8 38 37 1 14 15 31 17 19 41 32 30 36 6 11 33 29 5 27
27 6 26 12 19 41 33 27 4 25 7 35 34 5 24 37 31 9 2 32 21 18 1 16 13 20 8 39
13 1 27 25 18 15 3 20 7 24 36 4 22 11
8 25 22 39 6 11 41 30 32
11 9 40 41 14 19 13 38 8 34 36 10
16 5 2 27 15 9 32 29 36 3 24 37 34 18 22 25 40
10 18 28 16 36 4 20 15 17 11 2
12 12 26 29 28 6 34 11 10 40 15 14 8
28 28 24 21 26 38 22 3 29 11 41 12 19 23 5 27 2 6 36 17 40 34 20 15 10 35 37 32 9
16 2 29 14 32 24 36 12 25 39 35 13 5 37 34 40 3
25 20 6 5 39 33 22 10 11 25 19 4 37 21 24 12 15 38 29 28 40 16 17 32 35 31
26 19 38 17 10 41 21 20 31 8 24 32 28 33 34 22 27 35 13 16 15 18 12 7 9 36 25
12 37 36 38 1 40 28 39 33 8 13 32 41
20 39 25 12 31 32 16 7 18 23 36 37 30 41 9 5 14 33 1 2 11
21 21 8 39 10 4 14 25 18 7 28 26 36 20 23 22 32 35 38 6 24 40
28 35 20 32 37 30 29 19 23 15 39 14 11 21 27 26 3 4 33 40 38 36 12 8 5 24 34 28 6
17 7 20 22 34 15 37 32 6 27 18 14 5 8 40 39 9 23
9 19 12 25 21 13 28 40 35 30
25 23 14 24 37 17 29 10 15 35 2 1 3 25 27 16 6 33 40 20 30 8 26 36 41 22
9 1 27 40 35 19 3 9 24 20
