700 70 3
34 12 38 34 27 9 50 19 65 33 39 18 68 6 62 70 28 32 29 8 40 45 36 35 24 49 57 59 56 43 67 51 52 44 5
18 66 35 11 36 54 43 1 38 42 21 34 60 70 45 58 14 19 46
17 1 69 40 6 68 5 4 17 13 18 56 58 33 16 37 61 65
14 36 25 57 63 38 19 44 66 14 21 64 17 31 56
14 24 4 35 6 68 13 31 34 17 53 65 38 42 8
49 46 28 54 13 42 58 3 63 9 18 61 57 64 47 20 15 70 62 48 22 65 34 44 55 2 14 5 40 24 16 52 51 59 4 41 35 60 11 23 25 29 66 53 38 26 45 21 56 8
18 70 58 50 51 56 7 19 13 35 1 15 46 38 6 40 65 47 9
35 49 43 18 24 55 47 59 67 38 41 7 25 52 56 32 62 33 8 1 23 61 70 51 54 42 35 11 13 34 37 22 69 19 36 50
18 37 38 33 66 7 45 70 16 20 22 35 5 67 27 55 57 11 44
29 22 48 1 44 60 17 42 39 12 24 34 27 67 23 2 16 52 9 21 28 38 19 46 30 61 25 8 4 65
40 50 16 22 34 65 60 61 37 58 6 30 40 20 24 39 59 8 31 66 67 12 17 27 42 54 62 28 21 52 35 69 25 38 26 68 44 47 1 18 49
14 3 43 13 32 30 38 58 67 21 36 9 22 69 39
19 46 48 3 62 31 12 61 54 17 7 67 53 13 25 66 19 35 52 50
38 57 53 1 15 47 9 41 59 3 39 61 31 63 43 54 67 35 50 58 37 8 27 10 26 70 16 62 28 55 60 21 25 20 48 49 2 65 38
28 53 37 27 44 5 4 67 11 45 30 29 25 18 62 8 69 33 52 28 20 1 54 47 15 59 7 36 48
26 36 10 49 4 17 20 7 27 6 31 51 63 38 21 19 54 32 61 55 14 25 41 33 9 58 56
19 30 20 70 43 15 4 19 40 41 47 21 48 22 3 58 52 5 56 6
29 17 63 20 41 51 54 23 38 5 44 59 57 32 22 25 52 42 62 67 45 60 14 30 13 65 1 70 11 18
19 22 29 69 46 66 10 36 1 64 6 28 24 39 59 45 14 5 9 26
28 46 14 26 23 8 65 67 63 48 18 49 51 40 50 15 22 2 29 20 36 5 53 16 30 17 25 12 19
33 30 38 14 55 64 24 51 20 39 54 5 34 69 10 70 26 49 48 16 3 40 7 63 17 32 68 29 36 56 1 62 65 37
34 11 21 48 19 59 55 20 58 34 37 6 61 46 23 17 7 50 47 16 30 53 15 2 29 38 39 25 42 3 12 33 14 56 51
22 48 40 16 45 64 10 60 7 70 69 68 28 59 32 29 27 36 12 51 52 46 39
23 62 7 43 46 21 17 22 70 15 30 51 12 39 50 4 23 63 25 61 59 16 37 67
41 45 9 23 61 17 53 28 70 55 10 42 32 18 49 38 1 12 48 35 24 63 11 26 57 33 64 50 5 69 22 67 41 65 7 3 43 47 58 20 51 59
30 26 31 3 55 17 25 67 33 20 12 8 22 6 37 62 68 11 59 44 50 38 61 10 30 60 14 7 18 70 57
48 9 51 42 46 13 56 30 7 57 60 32 36 58 28 67 17 59 49 64 10 33 15 21 62 40 63 61 19 11 2 68 23 41 6 43 1 66 4 69 48 22 45 44 53 47 24 27 26
35 8 18 37 3 47 28 35 17 43 64 19 20 2 1 13 32 11 51 25 67 16 42 44 55 24 45 70 23 54 49 7 34 36 9 22
18 36 2 15 19 29 25 40 59 30 16 42 63 41 46 35 45 5 67
24 9 55 43 32 35 49 42 44 13 1 16 24 52 11 7 28 65 63 66 60 39 17 62 23
29 65 39 10 7 31 24 26 20 8 69 11 3 55 60 48 68 33 19 29 40 18 9 67 52 38 61 41 25 56
18 24 65 45 10 68 31 60 44 32 42 14 50 56 35 21 62 9 30
29 21 46 39 10 56 49 43 35 26 6 37 65 19 59 4 60 48 29 17 22 34 27 67 2 18 7 57 53 33
35 44 6 32 29 45 19 65 2 34 33 66 11 40 12 21 8 37 60 28 30 15 7 70 16 51 18 49 62 1 58 26 61 68 35 17
47 65 35 52 25 41 45 54 12 11 23 50 69 16 37 32 55 14 10 67 51 49 47 2 62 20 48 15 24 63 28 1 30 58 61 46 22 4 6 19 44 36 9 42 26 56 3 40
42 3 18 35 37 11 25 27 19 63 16 10 54 33 38 13 70 68 53 59 44 64 60 43 32 34 58 40 55 28 30 67 65 41 6 57 9 7 26 48 8 1 69
25 61 51 41 27 43 65 20 6 44 67 66 12 32 59 2 16 24 25 34 1 10 28 33 14 63
16 43 39 51 5 23 46 53 41 69 36 62 8 44 6 35 60
34 16 21 36 28 23 46 58 34 30 60 15 25 12 52 19 40 35 49 67 43 10 8 62 38 44 48 53 66 3 17 24 14 5 37
20 61 4 59 50 15 68 22 13 48 10 58 20 44 38 12 66 56 2 29 18
45 17 46 11 10 70 43 59 52 49 40 31 42 37 53 36 6 12 23 32 64 34 68 50 41 19 25 35 14 55 29 45 28 47 57 44 39 13 65 24 9 63 5 60 16 62
31 41 27 29 6 34 17 43 38 22 7 21 42 32 59 61 23 62 55 14 48 56 66 30 11 67 8 12 65 5 64 4
34 36 5 41 46 3 43 15 32 30 21 31 11 33 26 27 37 34 7 12 24 13 55 9 68 64 29 16 67 63 20 60 69 44 61
49 37 19 54 49 14 61 68 39 60 13 58 67 12 6 56 69 10 34 3 16 46 43 25 26 11 31 15 22 40 70 9 50 47 5 20 63 57 30 53 21 4 8 2 29 65 64 7 52 17
16 31 14 46 35 49 5 30 4 59 51 23 34 22 1 6 9
30 22 53 19 55 9 4 66 34 18 63 11 1 47 36 57 64 42 58 32 5 46 39 49 2 38 35 28 61 17 12
34 18 30 12 2 5 13 47 41 64 70 9 43 20 17 40 1 58 8 10 15 59 46 54 6 68 28 38 63 7 60 39 32 36 22
15 69 46 58 7 6 53 5 66 8 35 64 24 42 3 52
27 25 63 23 22 68 69 28 12 17 33 6 64 13 49 53 3 29 24 57 15 34 4 58 35 61 7 48
40 28 48 16 3 59 18 69 13 49 32 20 34 29 22 33 51 55 61 42 63 17 66 27 23 40 15 9 41 58 38 39 2 62 5 64 70 46 57 52 50
31 40 5 51 13 67 69 48 59 36 52 11 24 35 65 68 3 6 62 12 70 31 41 29 7 10 33 34 14 32 38 4
29 57 55 66 10 11 64 16 41 36 26 65 35 21 38 23 44 59 46 51 4 29 68 56 6 9 5 19 69 31
39 20 18 7 13 11 21 16 6 61 53 51 65 48 67 32 66 27 64 40 63 25 37 14 28 33 42 34 31 56 15 49 52 3 60 62 12 1 8 30
17 14 47 24 26 27 64 52 54 15 69 37 42 45 25 17 39 60
24 40 56 32 38 52 34 46 66 20 50 9 57 51 5 44 68 61 30 11 64 43 4 14 15
38 16 55 30 29 42 35 28 70 25 46 34 68 31 17 53 6 32 15 49 10 40 24 60 2 64 66 26 67 43 51 48 65 63 13 8 39 23 57
36 56 5 10 61 59 31 26 68 49 34 65 16 45 55 20 57 22 46 21 51 12 66 11 6 4 8 47 37 14 13 58 33 15 67 25 28
30 36 70 68 7 64 12 28 29 30 42 61 50 1 32 17 11 47 59 16 33 40 6 4 69 65 66 26 38 2 5
34 21 57 9 29 69 28 44 1 38 8 50 24 40 48 27 19 15 59 7 68 70 53 14 35 30 52 63 25 13 6 46 12 61 36
41 66 60 23 32 38 63 2 19 65 59 29 47 55 54 51 9 6 8 31 43 49 21 12 15 33 3 36 37 35 64 52 46 1 56 67 18 5 69 7 50 42
35 46 10 31 32 30 29 63 35 12 43 33 16 27 59 66 53 64 44 2 54 11 15 3 49 17 50 25 58 28 40 14 6 55 51 23
19 30 69 14 70 9 28 39 1 13 53 12 64 11 43 67 19 68 49 58
46 68 51 18 26 20 42 6 28 30 69 57 63 10 25 43 64 1 3 49 2 48 45 23 58 40 44 52 50 67 37 13 27 21 54 47 38 9 16 59 36 61 31 14 46 19 35
42 39 36 7 43 38 61 12 2 4 46 58 57 56 60 55 27 22 50 23 65 70 19 31 54 14 42 16 59 3 37 15 48 25 41 33 6 17 51 35 10 47 53
26 57 7 31 40 2 10 45 3 52 49 58 17 46 59 51 21 30 65 4 41 63 1 13 24 69 42
21 43 41 42 8 12 64 10 2 56 58 37 60 6 14 19 50 59 33 15 23 68
36 44 20 57 9 33 50 27 21 56 32 43 3 14 62 18 16 10 55 34 40 42 4 51 66 47 29 22 36 58 17 11 7 5 53 41 49
32 56 50 1 21 13 62 24 42 30 2 28 10 8 38 23 25 34 41 46 65 15 4 69 3 40 45 20 12 37 29 5 35
46 4 12 56 47 37 30 23 5 34 11 18 55 7 68 53 58 21 45 57 19 40 36 31 52 15 48 60 44 67 10 9 49 2 41 51 46 65 3 42 28 43 17 20 14 25 66
49 53 30 22 25 33 4 26 59 56 36 58 51 62 6 15 47 70 55 11 16 63 13 43 3 50 52 19 39 65 41 46 61 45 7 42 38 31 20 34 23 28 32 35 12 9 10 1 66 60
35 62 6 19 48 54 64 33 49 20 57 37 58 41 60 8 66 51 12 27 63 44 11 70 25 36 18 52 1 28 10 2 69 31 56 5
32 67 55 25 5 15 22 39 12 66 42 23 29 49 64 61 33 11 59 4 2 37 9 50 47 3 44 65 63 40 16 10 68
31 40 60 48 41 15 9 46 25 47 67 49 11 23 3 50 55 42 54 4 38 37 18 39 27 17 14 65 5 16 20 24
36 13 49 69 32 27 48 26 23 4 24 10 52 56 62 1 14 39 15 54 11 7 53 3 9 63 35 37 67 12 58 45 66 47 61 60 38
39 33 61 17 66 13 10 28 68 16 47 64 23 38 67 39 46 55 59 35 2 40 65 4 22 60 29 26 52 57 14 44 19 41 21 37 11 45 5 56
45 9 37 16 44 51 70 43 18 49 69 59 24 31 12 47 50 4 45 19 46 64 57 27 1 5 42 21 54 14 60 32 29 68 52 53 13 23 10 38 34 6 56 25 65 36
27 47 4 36 32 60 53 13 55 41 67 19 24 5 62 52 30 51 11 1 49 44 7 25 68 61 29 27
21 58 34 15 25 24 14 45 5 42 10 64 21 54 51 70 66 40 60 39 33 9
35 22 44 35 58 64 25 55 29 50 46 12 16 65 20 43 15 67 8 27 21 53 61 30 57 66 39 37 26 48 41 18 1 2 59 36
37 14 24 15 60 51 21 64 41 4 26 57 40 58 13 10 63 37 44 50 7 11 28 22 62 39 33 32 53 31 20 45 30 5 67 56 27 43
44 42 41 38 6 29 53 20 50 13 10 58 9 64 16 33 70 66 24 51 45 32 63 4 22 59 47 57 1 37 3 52 55 48 34 54 27 60 11 43 25 68 26 61 69
43 8 36 51 10 70 69 64 35 4 14 60 3 33 16 17 34 27 5 41 45 49 28 22 44 65 58 67 46 59 6 61 9 37 15 38 25 30 40 68 19 13 57 54
42 21 38 1 59 12 57 65 35 28 19 20 45 30 56 61 25 11 52 64 5 44 23 9 50 31 62 68 13 58 14 70 2 63 17 49 7 34 10 27 24 8 41
25 46 15 21 18 66 63 25 29 9 36 60 61 56 37 10 34 43 41 51 68 2 35 22 27 4
36 20 52 43 18 38 30 6 32 56 46 41 33 59 66 2 42 45 15 70 4 17 40 62 37 35 60 7 69 39 54 64 31 28 61 11 10
46 59 12 33 50 56 32 19 44 5 68 10 6 29 13 18 54 30 23 64 28 61 24 58 7 40 48 52 20 49 8 57 43 16 62 60 26 11 51 4 14 55 37 46 1 42 39
23 56 61 15 32 3 50 64 49 23 54 9 40 30 24 22 5 7 68 41 70 18 53 12
34 49 39 25 54 47 15 58 5 56 35 28 17 42 63 65 61 55 37 11 16 34 29 33 48 9 44 19 38 1 7 64 12 43 62
38 16 62 17 45 36 25 66 61 29 3 50 19 54 18 27 2 1 5 41 12 51 30 56 64 32 4 39 14 52 37 70 67 33 13 55 26 60 23
44 10 15 42 39 32 26 20 6 55 38 66 49 5 12 27 41 64 63 68 57 43 44 45 29 52 51 65 69 3 46 21 19 25 50 14 53 59 7 8 35 33 47 31 58
46 41 39 54 60 62 15 4 19 43 2 44 28 6 32 17 48 16 57 51 38 22 29 12 45 10 52 36 65 56 13 49 18 25 33 7 55 21 24 69 14 37 8 70 23 53 35
49 32 22 31 53 39 3 18 16 1 70 57 8 64 17 9 6 19 66 42 62 5 49 26 51 12 59 28 60 7 48 25 20 69 52 50 15 10 35 41 45 33 38 13 23 44 34 24 37 65
17 54 58 35 67 3 47 19 63 59 24 7 4 52 51 2 28 27
33 32 29 45 5 46 26 53 9 65 25 27 39 69 34 22 50 3 68 2 47 8 55 62 36 6 41 11 40 1 54 38 66 18
45 44 60 30 6 41 54 58 15 61 21 38 59 23 69 31 50 37 42 29 35 53 49 8 66 1 5 48 67 45 39 34 2 26 24 9 32 13 36 14 7 64 63 19 43 55
18 64 52 16 40 36 58 12 55 59 28 17 33 65 32 42 63 38 18
25 18 13 62 21 58 59 70 19 28 39 23 25 4 55 36 60 66 47 30 22 63 48 10 8 43
32 38 61 56 8 1 37 33 36 9 19 53 18 44 7 26 20 14 5 39 62 66 2 46 3 52 12 48 50 27 31 42 10
32 40 35 46 13 52 57 31 70 60 48 28 68 51 53 19 67 29 4 24 37 49 59 25 7 36 17 9 61 32 45 5 6
33 20 40 59 52 30 42 55 65 57 13 58 51 2 37 21 27 33 62 8 38 3 1 64 10 48 23 69 28 18 34 43 63 35
49 5 46 8 55 66 56 39 47 33 54 42 63 35 67 49 36 30 62 70 19 10 52 44 26 65 60 25 53 38 13 3 15 18 50 34 1 40 51 32 37 6 23 45 9 28 17 27 11 16
37 18 59 48 32 52 43 17 27 2 42 7 49 58 40 67 68 26 10 56 3 61 38 51 50 13 20 21 12 39 45 46 19 9 54 34 53 5
27 64 48 35 61 27 41 9 69 30 26 8 45 15 31 66 23 11 6 28 50 55 37 24 18 22 65 1
28 39 50 42 69 37 45 65 27 3 4 48 43 25 17 41 15 10 70 9 62 29 12 53 57 64 44 33 55
24 1 39 51 40 11 49 44 2 35 56 52 61 66 18 23 14 21 20 38 37 4 25 7 12
28 11 21 41 22 10 34 5 43 57 6 13 70 17 50 31 14 32 62 66 33 29 36 20 53 65 15 46 39
24 38 69 31 14 33 60 25 30 54 6 62 36 55 21 37 16 34 15 63 20 28 17 59 46
46 60 47 42 55 37 56 38 23 11 19 24 1 67 20 33 28 63 5 68 46 41 49 7 22 3 21 44 52 43 39 40 36 45 27 18 59 4 57 62 30 51 69 35 14 61 70
35 70 17 60 43 37 54 52 14 50 38 39 63 19 29 64 25 42 2 66 23 13 69 48 12 46 32 22 40 4 9 5 45 11 31 59
25 41 59 22 65 2 26 66 46 14 34 49 56 50 53 63 25 12 55 37 15 51 1 60 27 28
28 7 11 10 70 25 64 30 58 29 40 51 47 3 26 52 43 15 35 5 6 44 17 2 31 1 12 38 67
26 57 48 30 58 37 22 11 65 23 1 24 35 18 17 33 55 63 2 50 61 29 41 53 40 62 36
39 10 23 3 61 62 48 37 14 22 53 63 6 65 28 25 70 35 12 8 60 21 5 7 32 42 39 38 44 68 27 18 4 34 41 29 47 69 33 55
32 32 35 31 38 23 2 34 17 42 41 12 58 7 66 25 29 48 36 44 43 37 15 68 56 57 26 1 13 60 5 55 65
32 58 70 4 11 41 47 38 50 36 64 17 21 19 3 8 60 61 5 57 20 48 39 7 52 37 34 63 56 26 24 31 18
32 15 42 53 51 52 25 65 30 29 64 61 63 26 7 14 18 62 57 59 21 43 5 11 20 27 38 6 56 49 55 70 32
15 40 15 9 70 4 6 50 2 17 5 10 34 13 51 11
34 2 51 47 19 70 39 11 60 7 62 30 43 35 20 65 67 4 49 18 50 56 8 32 42 68 12 23 44 52 9 58 6 41 31
28 14 29 6 1 19 25 52 37 38 21 30 16 57 26 56 42 66 64 53 45 68 51 32 39 59 54 24 67
35 57 12 8 22 20 2 6 27 26 43 28 63 51 67 23 30 21 55 5 54 44 65 45 52 31 50 61 29 24 18 4 7 14 46 34
38 21 5 69 35 27 56 20 18 2 60 58 44 22 34 54 28 57 41 1 16 66 64 47 10 25 29 24 14 42 67 59 33 65 13 62 36 12 48
47 18 32 60 7 58 53 42 67 21 31 59 56 45 13 20 64 70 17 26 57 27 28 43 61 35 52 19 40 33 9 49 2 36 38 29 5 39 8 15 46 68 63 30 51 48 12 54
46 22 64 12 66 52 68 61 25 4 35 32 3 67 23 1 10 18 42 70 5 16 11 55 7 2 17 13 43 37 45 65 15 33 57 60 51 19 27 50 34 20 62 39 46 44 21
29 28 34 13 33 6 14 22 19 52 27 62 20 45 12 48 38 39 58 29 47 24 57 41 59 15 5 16 63 36
35 60 9 2 32 58 62 56 45 5 27 33 55 28 69 35 34 24 53 23 31 54 29 63 66 70 10 3 51 40 39 61 15 22 14 11
48 42 32 52 3 21 54 69 19 1 59 34 38 57 56 7 14 26 55 27 58 67 23 40 68 11 53 43 12 28 22 50 41 47 62 30 60 17 36 4 25 31 6 9 63 64 13 2 16
18 1 52 62 56 23 34 37 45 41 46 7 26 55 48 19 21 43 2
38 47 21 23 55 29 3 4 2 41 54 17 19 30 46 16 39 6 5 18 15 36 63 8 68 67 70 40 27 53 25 34 44 38 7 45 43 48 10
26 11 3 6 12 28 30 37 56 59 62 23 7 41 4 69 46 38 24 49 40 54 67 15 68 1 29
48 9 70 10 29 34 33 52 11 44 31 54 49 56 1 26 41 38 51 32 6 7 46 60 25 16 36 53 69 24 58 12 2 39 47 40 63 68 14 4 65 8 22 37 50 23 42 55 64
39 24 41 29 52 26 4 65 58 61 66 62 42 34 37 10 18 43 39 35 64 70 22 21 40 30 67 9 27 7 57 14 23 53 49 47 46 60 59 5
36 24 20 36 58 65 56 45 3 64 70 55 34 13 23 63 50 48 42 8 38 57 67 61 46 4 2 26 35 15 54 30 47 52 21 12 17
34 7 1 43 55 32 67 53 69 59 62 54 42 39 70 40 9 64 47 13 49 28 65 10 24 12 46 19 41 61 60 22 50 15 2
47 29 4 39 14 40 38 61 47 45 48 23 33 12 21 69 64 9 53 8 58 44 5 32 46 16 6 15 37 22 62 66 1 2 50 60 63 19 42 18 17 28 25 52 24 30 65 67
15 23 69 12 62 45 39 65 21 25 2 68 70 58 38 28
16 51 34 6 9 53 1 43 17 69 25 42 64 66 35 20 7
27 27 43 14 30 51 13 35 64 31 54 59 28 68 6 37 39 10 63 70 69 61 24 33 67 65 60 44
45 46 44 7 10 4 20 22 19 57 55 69 24 34 61 49 54 2 9 35 23 56 64 51 47 30 43 6 63 58 25 48 15 32 26 39 37 31 18 21 38 65 12 50 45 17
28 37 53 26 8 44 7 13 66 50 21 2 6 12 23 29 61 49 28 14 36 64 69 46 34 58 65 25 59
30 41 52 16 32 25 70 18 19 2 21 63 68 3 14 5 11 38 12 44 7 60 23 6 30 17 49 15 54 46 26
45 67 29 26 5 60 18 33 13 27 53 25 50 21 7 22 41 11 58 31 47 3 63 38 44 57 45 9 69 12 8 24 49 32 30 36 61 66 40 43 39 4 59 48 23 1
25 25 56 18 67 29 26 20 40 37 23 13 28 39 57 62 35 17 41 33 11 44 4 68 61 16
31 17 21 37 22 62 60 40 47 50 38 61 65 26 58 52 16 54 59 35 10 24 32 55 51 69 49 3 28 19 25 13
17 59 50 28 40 7 52 67 32 9 27 29 37 12 62 22 46 8
41 54 43 36 45 19 70 68 9 59 33 29 24 21 55 18 1 51 60 28 15 38 52 63 13 23 65 4 40 11 42 56 20 17 37 35 57 61 31 39 25 58
27 25 5 24 38 17 23 51 18 19 27 55 20 29 21 50 22 52 2 3 37 9 62 57 15 65 33 4
15 4 43 40 46 1 27 38 49 5 13 7 17 39 57 3
42 17 5 29 46 53 44 2 20 31 33 51 9 50 49 27 7 38 54 43 8 63 55 48 22 12 24 57 41 66 18 35 37 42 47 56 67 10 21 23 65 62 61
29 55 13 25 65 62 8 35 54 10 3 18 63 26 40 31 12 19 9 29 5 58 56 52 45 37 41 20 59 67
41 7 50 59 35 20 63 61 6 9 51 30 17 44 33 13 65 34 14 5 3 67 26 70 64 18 4 52 47 58 54 57 2 43 49 68 53 55 66 10 48 29
18 60 3 16 46 41 15 56 14 40 31 70 45 66 50 1 19 24 39
47 15 1 14 10 31 36 67 24 16 17 47 12 65 60 51 42 55 57 43 5 49 50 39 46 48 34 26 30 35 22 19 68 66 3 41 37 59 28 70 13 32 45 2 69 7 8 23
48 69 20 62 68 13 14 52 65 35 55 34 59 15 32 9 22 36 39 54 43 57 7 8 44 26 1 56 67 58 66 45 49 60 64 19 5 16 18 4 17 48 2 51 63 6 53 24 61
18 55 7 50 24 65 36 15 52 45 54 63 41 16 44 13 9 25 1
26 40 21 25 16 34 19 23 13 42 30 4 36 6 15 24 11 64 61 33 65 57 27 41 10 62 70
29 60 32 9 49 39 67 36 41 28 3 69 12 57 56 26 22 66 43 21 14 13 68 11 54 6 20 24 45 65
26 37 26 48 27 24 11 10 21 5 14 12 56 34 17 1 36 47 70 28 69 2 18 8 57 41 54
20 26 47 29 66 10 15 67 28 8 38 41 20 45 14 49 19 16 9 52 36
28 50 57 10 22 6 70 38 65 43 42 23 62 47 14 19 54 16 4 27 8 49 18 37 61 36 53 60 15
23 59 11 14 7 35 5 66 28 19 55 43 3 58 50 12 4 27 13 52 33 67 41 32
39 35 50 56 5 6 8 51 11 52 9 64 47 69 70 38 41 53 20 23 19 36 65 68 44 24 45 12 48 59 28 46 16 32 3 30 49 61 4 39
17 53 25 3 52 28 30 68 18 55 43 67 64 66 36 34 32 47
23 34 61 67 28 59 64 22 47 50 51 1 21 6 42 13 18 27 30 41 49 68 24 54
30 53 27 7 49 50 68 44 42 45 22 70 4 14 39 21 57 36 35 56 12 67 13 24 38 33 30 11 48 40 25
42 53 63 25 39 15 3 55 44 21 2 70 68 51 1 43 59 54 58 27 12 42 62 16 13 33 32 18 48 28 4 30 37 67 9 52 22 31 46 8 7 20 65
42 34 4 39 59 16 15 25 68 38 56 61 32 37 44 26 6 66 70 58 43 54 3 45 50 36 28 8 46 65 10 19 42 63 12 33 20 1 14 2 53 52 67
39 11 40 67 27 12 66 70 22 54 17 38 37 59 53 56 43 55 13 19 24 14 31 21 29 33 26 1 25 9 60 44 46 50 48 34 23 63 16 32
38 21 16 8 30 31 13 25 23 20 60 6 38 49 61 70 15 55 52 63 9 41 64 10 35 42 50 12 22 43 32 48 4 46 67 47 40 36 53
16 64 69 43 14 8 37 51 16 25 29 61 18 7 4 15 22
34 18 12 27 52 49 51 65 40 67 33 24 22 66 7 36 42 69 58 39 21 46 63 47 2 41 62 17 11 34 43 68 31 44 70
38 48 3 2 11 52 53 45 30 49 31 50 67 18 36 26 21 68 57 29 60 33 25 34 15 19 54 27 66 1 58 20 51 8 43 17 59 35 4
18 26 28 36 2 35 57 69 22 15 40 21 62 1 42 51 45 9 48
38 50 1 53 19 70 55 28 36 56 15 20 8 30 44 32 25 66 58 18 34 67 10 22 12 14 16 46 33 17 43 38 6 7 21 26 29 39 11
43 39 56 51 64 55 13 10 6 11 5 26 63 19 41 47 68 46 67 42 20 36 1 61 7 31 45 23 22 59 35 37 44 43 18 27 33 4 32 57 38 34 62 24
30 51 34 58 47 13 16 3 31 49 46 21 66 6 32 41 53 25 42 54 69 23 20 8 60 50 65 57 62 48 5
46 53 46 42 14 55 51 17 12 68 15 66 26 62 5 10 31 8 34 18 69 23 70 56 57 13 25 37 63 54 52 50 36 47 21 28 29 48 59 30 19 60 24 64 27 65 45
20 67 47 8 27 64 69 36 28 1 44 11 24 35 34 6 22 9 7 2 13
16 32 58 63 57 1 16 50 24 14 33 22 5 8 62 43 34
40 36 42 1 18 31 52 41 22 26 19 63 37 62 10 40 7 13 46 44 23 34 48 25 54 35 68 9 33 27 21 38 4 57 28 70 5 32 60 50 64
19 63 14 27 60 25 10 8 35 67 57 21 9 20 64 69 12 11 23 22
23 31 39 60 46 53 14 49 47 8 64 7 22 37 32 52 15 65 45 13 28 23 41 69
44 36 50 67 51 14 38 13 22 32 37 16 69 48 70 20 27 30 44 52 60 57 33 4 62 63 64 15 40 59 66 61 58 2 47 28 43 21 54 42 6 19 41 5 46
30 15 23 33 27 62 42 57 46 45 67 25 20 7 31 19 53 3 47 17 37 36 10 5 38 66 28 24 70 58 41
47 31 42 55 65 5 24 20 36 44 62 54 21 15 50 49 51 56 7 19 30 41 18 6 48 37 11 45 4 2 1 33 28 68 53 26 32 12 29 39 16 27 22 64 52 67 58 17
19 26 25 35 27 67 22 23 19 24 63 3 48 61 1 15 18 29 38 55
46 19 32 39 66 11 69 2 45 58 57 3 60 16 17 9 14 68 42 22 33 44 29 61 46 67 51 27 47 15 4 49 63 10 70 54 28 26 13 18 30 38 56 52 64 24 12
25 17 33 54 34 45 2 58 66 9 14 38 60 70 8 30 46 65 18 52 26 41 32 7 16 31
14 11 6 55 4 49 65 10 2 17 48 45 23 44 33
44 66 7 41 70 67 27 50 33 10 52 49 26 64 69 34 18 21 24 19 17 56 30 4 55 22 15 39 62 68 23 38 14 32 45 37 6 29 60 47 28 16 65 3 20
14 51 43 25 37 5 1 60 45 15 26 63 47 40 13
14 7 23 8 12 57 40 59 33 16 18 42 17 68 27
41 26 57 10 30 15 28 34 33 27 56 11 43 61 52 47 3 32 69 5 44 24 58 46 29 40 62 7 55 9 42 37 16 59 2 67 39 25 66 20 38 22
20 65 9 5 59 38 44 63 68 10 60 57 21 15 40 51 1 13 29 70 18
39 40 56 19 57 32 6 14 2 37 34 8 20 5 60 70 36 66 10 69 3 4 48 29 55 68 17 23 24 25 45 39 35 33 42 27 44 59 52 12
28 63 16 5 60 69 2 66 12 10 19 44 65 34 59 55 22 39 45 70 50 24 17 3 53 29 25 36 14
42 11 44 24 34 53 28 15 32 22 29 3 63 13 14 9 36 16 12 19 25 52 20 46 5 54 27 6 68 65 66 38 69 33 7 45 17 55 37 30 2 60 59
27 23 61 3 18 12 24 33 4 39 64 13 56 34 32 8 10 50 11 26 15 49 70 40 5 47 67 37
42 26 69 36 60 22 43 7 32 21 14 3 44 25 28 31 30 35 49 58 64 65 45 54 33 11 16 57 34 29 20 37 5 18 63 62 52 59 4 67 51 55 15
19 9 36 25 31 10 27 39 45 13 70 44 52 60 38 67 16 18 4 55
29 2 6 10 49 45 8 22 41 48 13 46 65 4 27 21 33 19 11 52 40 23 58 17 47 26 31 39 15 60
49 55 19 34 31 27 24 44 26 41 6 4 63 10 46 62 65 45 5 22 29 8 14 13 18 17 37 11 48 9 61 69 21 25 39 59 23 47 1 52 43 54 35 38 12 58 28 49 36 60
44 18 58 62 65 36 61 48 7 60 49 16 52 28 20 31 22 41 40 55 69 64 12 5 27 46 30 37 47 3 43 67 19 8 15 54 13 9 53 4 68 45 10 50 23
22 33 16 43 6 40 31 67 4 32 8 48 11 46 2 19 34 63 9 58 17 55 30
41 44 62 12 23 52 65 64 45 46 49 47 63 14 68 3 43 41 67 18 4 66 51 32 50 11 5 48 56 59 21 70 10 24 60 61 8 36 6 53 2 17
28 27 12 56 68 59 66 8 39 3 70 21 17 33 61 43 44 58 9 2 65 4 16 41 53 47 45 34 11
24 43 52 25 11 62 31 27 14 65 61 28 57 50 21 17 39 13 20 64 46 1 7 24 4
27 55 51 53 24 45 17 13 27 21 33 1 14 48 25 7 19 18 69 37 70 41 29 42 3 57 63 28
41 27 18 14 42 28 4 58 6 5 49 2 9 67 37 29 50 48 55 46 40 3 56 36 43 66 44 24 38 22 60 61 8 7 13 64 53 11 20 68 32 47
41 68 5 7 17 28 43 56 57 21 64 4 45 9 51 20 63 30 25 27 53 26 22 35 11 61 52 67 32 13 62 49 46 6 40 60 34 54 8 55 33 42
14 46 2 9 25 11 67 1 32 45 13 18 44 42 7
34 61 7 53 58 34 31 13 50 47 3 62 20 25 23 57 8 63 9 40 33 15 64 60 16 29 10 19 1 24 49 14 37 28 22
29 46 40 3 69 68 5 38 66 50 20 52 28 23 39 35 36 58 12 16 9 64 55 25 2 7 4 11 27 32
21 69 34 64 16 2 21 7 6 33 39 23 14 41 46 29 4 20 62 68 38 67
31 60 32 35 1 15 23 13 47 37 8 30 65 48 67 14 22 57 59 64 20 56 28 27 6 54 5 7 44 26 3 58
29 18 3 63 8 59 44 56 32 66 25 43 52 35 61 65 33 15 70 24 53 23 40 39 26 64 17 62 12 7
47 4 62 63 6 30 14 56 38 20 26 32 31 67 21 55 24 35 36 23 60 70 68 12 25 48 39 51 44 15 17 40 22 53 58 2 29 16 11 41 18 34 49 69 46 7 65 50
48 42 22 35 24 11 30 66 23 10 39 19 8 55 48 3 54 33 60 5 46 29 45 32 21 56 2 64 1 34 9 17 4 6 70 16 20 41 67 7 27 53 26 58 47 59 68 57 69
16 60 5 15 9 67 36 29 68 66 7 39 10 20 4 34 31
20 6 66 50 14 53 43 12 47 56 40 61 34 59 28 25 15 63 35 39 5
43 34 5 47 6 70 38 35 54 29 61 69 63 51 53 33 31 7 50 57 68 55 2 17 43 62 44 9 58 46 41 37 15 52 36 67 59 18 25 4 14 64 66 48
33 26 31 8 56 55 16 43 15 62 3 44 51 12 1 54 32 42 48 25 61 53 21 65 2 66 38 18 68 6 24 22 63 36
36 58 54 20 15 46 22 8 62 67 64 44 23 2 39 13 21 14 27 68 48 47 40 53 5 16 6 4 59 66 34 57 41 7 29 19 33
48 7 70 29 25 43 42 56 13 37 6 46 28 1 5 24 52 33 2 40 39 63 60 19 30 14 53 35 34 64 23 67 22 15 47 57 61 10 55 54 50 44 51 45 41 27 69 17 38
33 5 4 6 11 23 15 26 67 40 60 34 70 21 44 45 3 55 2 68 63 64 22 57 65 14 48 18 56 35 12 66 30 52
32 14 18 5 49 48 31 10 63 67 59 69 46 13 37 41 4 7 6 61 70 3 21 12 34 55 57 29 66 62 15 45 17
38 29 25 15 66 32 43 27 21 14 40 60 12 64 2 68 7 10 19 1 65 69 47 35 63 24 30 44 53 17 5 45 34 57 4 41 16 62 8
43 13 40 51 70 54 43 46 69 19 53 3 10 1 16 44 49 15 5 42 67 68 48 59 66 52 12 24 29 65 60 34 31 14 50 30 17 11 38 61 4 47 45 21
40 14 22 56 21 59 47 16 13 24 50 4 18 57 38 67 49 19 54 27 7 70 3 45 37 35 69 28 51 32 42 44 6 30 12 31 41 10 34 17 64
31 13 25 50 63 14 39 9 3 70 24 34 7 8 46 31 20 11 41 27 30 58 15 22 17 64 5 40 59 18 56 32
29 7 21 19 52 41 18 39 47 46 48 42 44 17 68 30 34 36 69 1 65 32 51 12 60 23 40 13 2 9
47 47 43 42 44 50 3 7 40 15 55 34 21 22 2 48 31 69 60 33 62 5 39 25 1 67 35 68 46 10 49 38 63 13 66 6 28 17 27 70 14 53 24 20 56 41 59 65
48 42 21 35 15 49 11 44 69 39 52 55 50 27 70 22 45 62 1 33 57 18 54 53 17 4 65 29 6 58 37 31 48 19 59 34 63 7 20 16 36 28 10 47 14 25 66 32 30
43 37 10 64 56 41 44 7 19 1 35 65 55 47 68 67 12 4 46 23 53 52 26 45 29 60 69 15 50 5 61 25 18 2 36 63 32 42 57 33 8 17 21 9
44 54 33 13 1 46 45 23 7 24 66 43 56 26 8 9 64 35 49 4 36 41 11 58 21 38 14 6 47 3 18 52 57 27 44 51 70 10 16 67 31 40 69 42 22
16 27 64 54 33 66 13 16 23 24 19 32 1 26 45 35 37
32 68 11 50 26 27 64 59 67 28 43 13 63 12 49 61 62 2 24 3 37 14 31 5 34 52 35 60 32 6 21 42 57
45 67 6 19 68 53 63 64 48 24 59 7 22 28 30 55 58 27 56 43 57 26 16 10 47 51 15 21 12 3 20 13 18 44 35 45 33 50 52 38 29 70 25 40 11 23
14 26 45 62 60 15 33 30 41 50 39 3 70 58 19
27 35 2 48 8 67 9 26 24 66 36 40 57 1 11 15 49 33 14 18 7 19 17 56 58 59 25 52
18 12 65 68 55 62 15 44 33 3 49 58 48 47 53 39 60 27 13
29 69 31 6 11 41 18 42 63 66 19 48 37 61 43 62 14 20 38 3 26 46 60 16 59 25 15 17 68 40
15 52 8 41 31 3 61 27 22 23 24 63 10 4 6 30
29 22 53 23 3 13 21 47 17 30 40 64 46 49 62 35 25 44 14 33 8 52 70 60 1 61 67 58 38 34
27 57 32 58 41 7 22 56 4 69 49 50 38 8 5 39 70 2 31 53 67 24 60 28 47 29 15 36
27 64 66 44 39 16 13 27 55 35 52 61 54 15 3 18 68 38 31 57 1 32 67 48 24 56 2 59
17 59 36 30 7 17 62 55 56 8 28 52 69 14 67 16 58 9
40 61 58 3 21 69 52 12 15 39 28 33 14 18 45 11 41 31 51 26 20 30 29 55 48 63 64 43 5 56 17 46 49 6 25 67 36 62 7 60 9
35 58 23 1 40 37 27 69 35 64 61 56 24 68 36 32 57 63 65 43 39 50 41 46 33 29 54 25 20 17 38 31 34 59 70 21
19 19 42 69 66 37 33 4 12 28 16 20 26 7 53 25 51 52 17 54
26 38 13 21 52 19 63 69 30 8 54 22 7 36 25 58 23 6 2 55 1 67 10 18 39 34 48
16 54 28 33 60 12 20 9 34 23 38 52 35 47 41 57 5
14 58 28 25 3 38 15 8 6 18 22 53 37 42 44
42 57 42 54 68 67 38 19 7 30 61 27 10 29 11 34 16 3 45 41 37 63 49 23 48 36 25 52 62 46 6 44 39 51 69 21 17 4 12 1 59 60 32
37 15 28 16 41 18 38 37 56 68 49 1 22 4 40 64 25 35 54 51 21 47 31 27 30 6 2 61 67 66 36 34 11 20 29 5 55 19
42 47 48 31 70 44 59 56 29 23 28 4 35 16 11 40 34 17 41 20 66 1 14 3 60 26 36 42 52 51 68 37 15 21 38 61 19 7 5 49 30 27 63
36 36 50 4 5 67 20 29 43 35 27 23 19 18 41 60 40 48 57 46 16 61 34 14 32 7 45 1 12 2 13 21 15 24 30 38 68
43 55 70 51 52 26 21 12 54 45 13 56 42 2 47 17 29 57 48 49 62 8 61 69 33 14 5 4 20 6 19 40 34 27 43 67 10 53 22 44 66 24 15 16
40 9 53 14 20 57 29 65 42 37 56 33 52 41 4 40 15 44 32 28 6 55 63 13 35 34 26 66 62 22 60 5 58 54 38 70 49 69 8 48 21
32 32 25 3 9 29 43 62 19 49 11 57 47 39 42 24 8 48 16 66 13 51 65 52 6 12 21 44 7 31 55 20 15
24 16 70 67 43 4 28 22 40 31 32 24 35 50 19 68 7 15 5 65 62 48 1 17 13
28 11 32 54 3 49 43 24 31 50 29 60 64 34 1 12 66 26 57 10 39 28 58 21 68 44 62 15 9
25 4 61 5 21 16 32 25 35 50 65 24 64 40 62 41 20 54 6 30 37 46 18 33 44 49
33 10 37 8 52 56 29 32 51 28 40 54 69 19 46 67 17 27 30 55 45 5 14 3 60 24 4 41 6 48 42 20 35 11
31 13 19 16 3 28 38 46 14 62 31 22 44 9 60 8 49 29 27 25 66 58 68 43 39 45 52 10 63 69 6 30
19 56 6 48 4 53 29 46 22 45 68 31 16 43 70 32 49 13 19 14
35 51 70 31 18 13 21 44 63 25 68 48 28 34 8 17 26 14 33 19 7 29 10 67 58 1 59 69 32 41 57 20 23 53 37 24
26 26 69 29 56 17 14 60 7 13 53 1 4 46 51 65 3 22 30 59 54 44 58 32 66 33 67
25 22 13 37 9 35 4 8 36 55 7 48 44 62 30 64 46 57 61 70 28 11 59 10 24 67
25 34 17 35 21 69 53 30 39 43 22 32 12 7 57 25 18 37 44 6 66 16 8 41 49 31
44 14 16 39 8 19 7 35 46 54 67 15 36 28 49 3 25 9 23 31 29 55 6 51 45 44 21 12 69 34 47 1 33 32 56 13 5 38 4 50 30 59 53 62 68
19 57 16 14 18 40 33 5 62 23 60 38 68 42 46 55 49 66 24 32
19 37 14 41 68 46 22 52 53 3 67 2 70 39 56 10 7 4 28 19
25 62 39 11 58 41 31 66 16 28 65 6 26 21 70 56 47 8 19 51 7 27 25 55 17 4
17 2 32 37 19 56 27 22 64 47 70 12 6 26 23 59 63 33
27 10 61 55 66 47 30 54 62 45 13 18 67 41 22 8 27 44 32 49 19 1 70 5 59 4 64 57
42 65 19 24 16 4 46 17 29 22 68 23 55 67 43 5 52 26 51 41 35 1 12 6 61 3 7 14 27 38 34 45 8 31 33 70 18 37 25 2 63 44 59
23 52 19 70 20 63 60 27 39 57 67 21 55 11 45 25 51 17 22 5 53 32 68 48
35 17 57 58 28 64 41 67 48 13 21 32 14 5 54 22 51 38 49 65 42 36 4 39 69 29 60 16 20 25 11 6 50 37 43 24
37 60 43 67 58 48 53 19 4 56 32 52 17 55 28 69 7 31 3 46 39 29 51 38 11 34 24 36 61 18 44 47 66 1 49 23 13 10
44 34 60 29 2 12 31 67 41 21 19 39 68 70 11 24 23 54 1 58 62 32 27 28 65 43 8 17 52 22 46 36 15 5 25 56 69 9 66 48 10 6 51 4 45
46 10 55 17 7 26 50 41 69 8 1 28 4 66 25 64 58 20 15 32 47 56 70 22 2 19 43 46 63 38 30 5 61 31 57 42 27 68 52 44 24 14 12 34 60 45 35
15 45 57 54 3 69 66 5 9 29 15 37 39 68 13 34
14 16 48 68 39 11 47 32 35 22 12 14 65 33 64
27 32 21 30 22 39 19 1 41 63 7 2 14 24 48 58 5 51 4 16 23 43 36 68 67 56 54 17
49 48 37 3 4 56 8 67 10 34 57 38 28 14 13 19 36 69 33 65 41 5 42 30 29 61 39 16 50 6 68 32 9 66 2 58 51 24 27 35 46 11 64 1 22 54 63 47 43 23
43 37 15 42 40 14 19 36 2 1 60 65 11 45 3 29 52 53 22 18 6 59 35 50 28 68 12 58 38 57 26 33 5 16 24 30 51 8 64 55 13 44 46 34
24 5 17 49 34 32 20 55 4 15 31 70 24 63 27 35 2 51 10 45 21 22 36 25 19
28 63 26 59 37 8 1 38 57 66 13 2 24 20 30 36 55 70 45 60 6 16 58 9 46 44 5 17 35
16 61 46 8 6 42 21 17 2 29 31 13 54 56 62 68 67
46 40 2 64 39 69 34 6 17 29 37 55 21 33 1 16 18 30 9 10 12 42 44 38 54 49 41 68 43 47 8 51 4 56 26 28 52 27 61 66 11 22 24 59 35 19 48
49 42 11 69 27 58 57 49 37 24 7 67 62 41 55 35 50 65 70 45 6 36 31 56 33 38 16 29 22 39 2 25 20 52 60 9 21 18 46 59 19 4 66 48 68 30 47 14 8 1
24 50 14 58 43 36 27 61 63 6 10 19 62 70 26 7 2 69 13 46 52 9 45 12 8
37 66 3 2 70 54 45 51 69 37 5 26 50 25 19 42 40 57 17 34 8 10 60 24 63 4 1 12 43 39 55 38 49 67 22 32 13 58
21 65 19 63 15 69 4 53 60 43 54 8 35 48 55 68 41 21 37 3 31 10
14 8 32 4 3 42 68 27 37 38 45 23 22 67 21
41 52 37 48 49 34 13 24 58 7 54 32 2 57 33 67 45 70 40 3 43 44 65 47 6 30 5 64 15 63 9 66 23 42 61 39 25 22 46 69 21 59
45 63 55 18 22 15 54 46 34 35 19 5 33 41 47 42 11 64 40 26 10 30 60 13 31 12 36 14 69 4 49 65 1 43 3 68 38 51 45 66 52 17 37 62 9 16
28 2 67 35 33 52 61 28 48 49 11 37 5 47 68 30 42 31 57 19 45 29 17 44 46 6 16 15 39
25 19 52 1 24 46 57 49 15 55 13 63 41 34 67 51 40 14 61 3 12 56 8 70 25 62
44 14 22 25 29 4 33 27 63 32 51 47 48 36 66 53 23 13 52 20 40 58 44 49 56 46 17 41 16 35 45 28 6 10 37 65 19 5 55 43 3 59 50 38 70
34 64 9 70 56 45 21 25 53 28 4 66 48 17 31 33 61 18 8 24 39 35 30 47 2 42 62 13 32 23 11 36 19 50 60
41 68 21 30 60 24 17 29 43 55 36 26 40 20 4 32 1 9 61 51 23 50 58 16 11 46 18 15 63 44 6 49 35 31 19 28 33 45 10 42 38 52
33 22 24 14 19 11 50 54 2 34 44 38 31 69 39 33 42 51 46 60 55 32 26 7 40 27 18 1 63 61 3 47 12 64
24 28 50 56 11 34 2 6 25 46 40 44 32 5 35 60 14 18 26 55 31 57 53 43 49
42 2 11 10 36 47 26 54 49 35 57 34 12 53 65 63 17 46 61 29 8 68 22 59 14 38 27 64 43 55 18 21 3 31 9 20 50 69 33 16 52 42 62
26 37 5 55 9 18 45 3 68 65 54 19 61 56 6 34 40 12 64 58 16 4 49 60 1 48 33
17 39 2 14 30 59 41 12 20 42 67 57 1 65 23 3 43 17
23 61 67 46 19 64 13 8 36 22 37 18 39 47 62 16 30 20 24 31 6 43 3 34
29 34 36 59 53 5 10 27 31 67 28 54 58 69 26 60 43 35 37 3 50 29 51 11 63 21 41 61 15 1
28 34 66 47 42 24 40 20 68 67 17 49 30 70 44 15 41 13 9 4 53 55 29 45 22 12 21 8 2
39 66 55 10 38 4 20 1 46 23 49 58 12 37 63 60 56 6 29 47 24 39 34 69 25 27 9 17 8 33 68 50 21 14 62 19 54 42 57 53
34 29 23 22 14 38 44 2 3 36 34 63 47 10 18 35 25 42 31 57 48 40 8 26 24 19 45 53 15 33 41 43 49 39 13
29 56 5 59 44 61 21 37 22 15 18 60 27 45 49 46 70 8 35 13 16 32 63 12 39 10 34 55 6 41
39 1 57 64 42 21 23 18 24 68 5 44 28 46 15 65 39 69 58 41 2 8 22 51 19 49 10 26 4 56 70 9 45 48 43 30 16 14 52 47
31 57 9 13 37 39 4 70 27 32 47 58 55 23 34 21 51 33 2 8 24 28 44 16 22 59 25 26 5 19 40 20
38 8 51 19 41 57 5 14 60 22 63 53 43 67 70 45 4 46 47 39 50 21 66 13 61 40 24 42 44 15 48 6 35 17 29 2 58 34 56
47 23 29 48 12 38 21 42 54 68 49 40 19 7 30 43 51 55 50 69 31 70 36 64 3 67 39 16 15 35 20 4 32 25 22 28 8 10 2 66 61 5 41 18 46 26 57 6
35 22 15 29 55 6 68 34 62 44 2 48 66 3 21 37 67 28 20 49 25 7 17 39 42 30 4 51 9 31 61 19 59 14 23 60
33 52 29 35 12 27 19 43 3 23 33 48 67 47 65 61 30 45 70 26 1 59 7 34 39 10 15 28 37 38 6 4 41 69
15 67 64 60 30 43 35 32 41 45 69 59 20 40 53 27
38 13 22 23 60 28 7 9 38 12 58 69 41 37 47 2 17 14 8 46 66 21 59 53 30 27 35 32 1 45 55 29 24 65 62 51 11 43 39
27 32 62 60 44 58 53 30 57 50 16 61 42 8 33 18 54 29 49 20 31 55 10 34 63 70 40 38
30 64 33 69 45 43 34 52 21 13 28 51 30 49 15 39 22 42 47 19 68 32 59 11 16 26 5 27 24 65 46
42 12 8 28 44 20 57 22 48 56 40 45 18 50 3 21 5 42 70 60 27 62 38 15 16 6 43 33 69 51 37 66 67 24 17 35 26 11 53 63 7 61 58
46 21 17 27 57 53 58 31 25 64 10 4 20 7 5 6 62 26 2 63 23 66 69 19 67 49 52 13 68 41 43 14 22 32 54 45 15 37 50 3 30 56 35 33 42 29 65
48 44 53 34 4 25 29 52 66 41 48 51 23 15 56 61 14 62 42 19 2 13 31 30 10 5 3 40 60 54 57 8 59 50 38 64 47 35 7 9 46 21 63 37 17 45 67 65 55
28 18 60 51 23 13 1 50 45 17 12 43 46 33 40 42 56 66 8 53 41 69 9 70 3 5 38 44 49
35 37 38 65 21 39 5 18 53 60 27 13 34 6 23 25 58 46 22 30 41 62 26 35 48 29 33 40 66 47 20 42 52 67 16 14
22 24 21 22 43 59 34 44 54 69 29 26 42 25 68 48 13 7 41 19 6 15 14
20 49 41 40 5 33 45 68 4 38 44 54 17 18 23 8 61 56 63 55 70
33 41 4 24 47 45 49 21 10 26 13 70 53 17 20 69 11 14 33 15 5 46 23 54 19 42 35 29 7 55 51 66 60 65
41 18 61 56 40 37 31 30 2 69 20 67 68 55 19 44 13 47 12 64 32 38 42 26 1 43 21 23 66 24 34 36 50 46 65 58 39 5 48 10 53 28
26 54 27 66 28 46 32 24 1 55 60 50 26 43 61 15 7 2 53 11 51 56 12 49 48 17 36
14 5 31 15 69 59 40 12 11 37 4 47 13 34 28
25 60 55 46 5 31 68 45 39 50 62 53 27 69 22 51 9 11 23 66 33 18 30 14 65 41
42 29 38 9 16 61 67 63 47 33 6 7 45 19 36 12 55 56 24 25 31 1 18 42 50 23 35 15 37 43 30 64 62 41 39 40 59 2 8 11 44 20 34
36 48 40 67 59 6 5 17 20 68 41 14 39 42 10 55 70 35 32 2 25 27 45 31 49 51 12 69 4 33 19 66 15 36 52 1 13
42 33 49 9 21 45 11 12 36 15 55 29 47 56 26 67 51 57 1 39 38 27 68 35 3 40 69 41 20 8 23 60 64 4 31 6 52 7 14 65 2 66 30
47 58 28 5 20 44 56 65 17 13 32 51 4 23 2 45 63 29 41 9 21 33 46 8 11 31 70 40 52 68 62 30 53 54 67 37 1 69 34 48 47 6 18 42 59 57 19 25
30 57 12 25 35 4 40 17 8 65 5 28 46 44 22 13 31 10 69 62 52 3 59 63 43 23 41 33 37 1 51
22 28 53 55 12 3 7 41 35 19 9 8 45 30 26 5 68 61 70 15 40 20 60
30 11 36 2 35 47 67 31 33 30 55 4 18 20 7 62 50 32 59 46 1 21 39 45 42 69 66 6 57 68 25
48 23 45 63 5 34 56 29 54 66 6 13 68 59 41 2 37 12 14 27 36 31 42 19 4 53 70 1 7 51 26 16 60 67 32 50 10 52 55 38 8 22 18 3 47 39 46 48 28
21 42 22 49 39 69 53 24 26 30 47 44 18 13 6 19 38 66 58 23 60 64
39 57 26 11 54 32 68 46 2 28 21 67 40 53 66 48 29 65 5 13 9 22 17 43 36 6 50 58 47 4 1 3 24 27 55 15 12 31 51 25
35 41 13 31 52 55 64 20 3 70 15 42 17 59 65 29 36 9 22 2 44 12 53 28 67 1 50 33 23 40 62 7 37 25 27 63
24 18 58 21 36 10 26 13 23 32 41 7 35 11 29 60 19 40 44 63 65 12 27 37 31
24 63 23 37 69 43 38 44 13 49 7 60 2 48 59 46 1 20 34 39 16 29 35 62 33
42 69 32 55 36 1 14 46 44 47 49 33 22 7 54 21 58 20 31 42 10 67 3 25 60 59 50 17 24 41 26 23 35 43 15 16 6 52 68 13 70 37 63
30 43 66 65 56 57 28 41 69 27 2 63 11 54 12 51 61 47 17 42 14 7 9 29 32 58 15 37 36 26 19
14 39 54 33 48 61 40 65 62 17 15 59 2 38 16
21 58 53 10 15 13 9 1 38 5 34 12 63 23 26 35 70 30 32 39 7 20
21 4 56 46 13 67 49 44 15 31 20 37 63 42 59 22 16 10 17 69 12 55
27 16 4 12 43 56 27 13 44 48 9 3 17 29 24 49 65 34 11 15 31 46 42 54 61 20 35 2
28 7 11 57 68 55 43 39 53 16 21 49 44 2 14 12 20 36 66 45 29 26 15 33 10 46 54 64 32
19 67 38 37 16 6 5 19 46 39 56 34 47 41 62 14 27 44 15 57
40 69 4 7 66 63 22 61 16 33 37 70 5 65 51 46 59 12 29 52 21 13 45 67 3 9 32 30 64 58 19 44 53 35 41 36 28 24 39 8 62
21 63 27 3 45 44 4 9 70 5 62 30 56 25 54 69 42 38 46 34 52 7
31 50 35 54 18 66 30 9 22 4 7 16 47 63 34 13 17 56 10 25 70 44 52 33 11 12 38 15 57 48 55 45
41 35 24 25 2 11 42 55 29 68 59 17 56 63 10 44 54 46 60 38 62 64 53 14 26 36 48 41 52 23 28 18 16 15 30 3 7 58 66 57 70 13
29 22 68 16 49 8 27 43 69 54 18 29 26 9 11 14 2 53 19 7 63 42 4 32 48 47 30 61 17 60
28 13 26 64 5 15 12 30 38 18 45 17 61 50 9 24 55 22 8 46 6 2 33 43 23 44 52 32 37
30 69 11 55 41 67 32 22 8 51 34 3 35 43 10 13 6 62 56 25 52 30 60 5 65 9 42 47 14 54 64
42 10 58 35 13 46 40 28 32 21 33 65 23 18 55 42 67 24 63 29 27 22 51 2 66 19 57 53 3 60 47 64 50 39 6 54 26 7 44 20 15 5 49
42 8 67 12 63 9 35 6 28 4 56 17 26 10 47 42 45 65 11 24 7 44 14 32 34 52 33 49 30 16 66 68 53 55 69 51 57 13 25 19 48 61 15
24 17 65 3 33 70 36 60 66 30 44 58 46 32 4 69 59 8 26 68 15 38 25 1 5
47 61 38 14 64 2 15 30 48 8 4 56 18 13 27 62 16 40 22 39 34 47 28 36 5 3 46 26 57 55 58 32 33 49 66 31 10 59 12 1 11 53 51 37 20 44 45 65
48 66 24 40 22 38 30 42 47 12 60 48 54 37 63 36 10 44 59 49 64 27 57 45 65 1 62 11 5 7 6 50 33 51 31 14 29 69 43 46 4 56 13 58 35 28 61 2 18
44 60 55 23 31 49 33 36 20 38 32 66 2 63 3 37 64 59 15 4 68 47 10 7 58 35 5 8 53 26 56 21 17 12 65 39 45 52 27 43 69 14 16 46 44
26 56 6 12 61 52 8 36 3 53 22 16 64 38 42 68 20 43 34 26 40 58 54 27 28 50 45
27 8 30 12 50 10 51 17 16 67 6 40 64 9 34 68 55 45 21 19 13 23 39 1 14 62 35 33
32 32 33 52 10 30 67 43 28 38 35 70 46 55 39 16 11 66 41 63 57 65 50 19 27 7 4 21 18 1 37 51 48
23 1 7 6 45 67 4 52 21 13 50 60 12 66 15 11 28 58 63 57 17 37 18 65
40 68 57 42 43 51 23 67 20 1 34 16 66 61 9 30 15 17 49 8 50 10 31 45 11 33 69 12 54 65 59 32 38 40 62 6 3 58 14 36 13
42 42 49 16 29 2 3 10 18 37 62 9 5 66 40 17 30 4 6 50 69 38 34 31 32 25 19 48 20 28 22 8 43 14 35 55 65 13 46 54 57 56 47
39 20 40 43 59 4 65 10 52 13 5 58 2 7 56 11 34 64 50 8 37 12 55 54 17 9 25 44 21 22 42 26 49 23 31 18 36 61 41 38
42 29 3 19 59 35 66 16 53 47 70 58 2 18 40 54 32 61 60 28 37 23 24 4 42 36 55 50 63 49 67 22 43 27 10 5 6 65 17 45 39 30 25
32 67 49 38 3 39 47 50 33 43 30 14 13 64 24 51 28 17 16 45 46 54 2 52 7 62 27 40 12 58 36 61 60
15 36 31 63 29 42 13 21 70 39 57 11 23 67 1 10
29 69 34 59 38 67 29 48 21 33 13 44 31 68 54 2 14 9 56 66 25 41 5 28 15 46 24 26 61 7
39 64 3 45 22 30 67 10 50 16 7 18 55 33 69 17 8 56 60 44 48 47 14 66 9 12 49 46 13 1 29 21 15 52 41 4 34 59 37 70
17 28 29 11 60 32 46 55 48 51 64 33 30 68 20 15 63 49
18 31 39 52 62 64 2 47 55 7 51 19 9 24 54 10 61 33 38
15 13 54 14 41 44 66 26 2 18 40 52 36 33 37 60
36 9 63 42 58 12 54 21 33 38 28 26 39 59 15 37 67 44 68 35 17 31 8 10 48 62 20 56 5 11 70 29 61 2 66 52 23
19 23 67 33 7 46 27 26 61 16 44 32 45 30 39 18 62 38 25 54
36 48 65 47 30 34 68 11 23 58 56 13 45 1 44 20 14 55 12 39 61 46 16 52 67 62 42 19 38 18 17 27 49 29 8 21 53
48 40 34 16 26 39 43 28 41 10 9 49 62 5 63 60 44 20 12 15 67 35 24 8 3 27 70 25 53 66 31 33 50 13 11 4 29 42 1 58 18 64 36 7 59 56 45 68 22
47 5 67 14 13 27 46 68 22 8 65 30 19 18 36 42 47 28 50 51 2 15 11 21 6 61 4 10 26 59 52 16 9 7 39 58 12 37 40 24 43 1 38 70 32 53 49 66
42 23 27 18 28 16 14 64 67 69 15 9 21 29 34 49 30 60 62 25 66 47 12 41 54 8 1 56 51 6 20 53 65 42 11 38 26 68 13 44 19 57 63
29 23 45 65 61 21 8 42 49 47 69 48 1 38 6 7 37 26 4 35 50 34 27 41 64 44 28 62 5 51
16 7 8 62 43 20 39 12 52 17 68 10 5 61 1 32 33
31 61 14 20 13 22 23 56 41 7 65 25 27 63 43 35 59 15 2 45 34 26 1 49 40 11 68 18 31 4 50 54
47 53 6 50 70 34 14 18 66 32 36 45 65 35 52 7 62 17 8 31 58 22 20 55 24 21 54 49 28 56 48 9 33 27 13 19 4 47 37 63 43 11 23 57 64 68 5 15
44 1 59 56 54 57 36 13 31 24 65 9 25 34 12 28 32 48 64 44 20 41 33 6 4 30 19 61 8 47 3 17 43 26 37 69 38 46 63 2 18 40 68 58 35
40 33 4 34 61 30 13 19 50 67 58 36 66 14 44 63 53 32 26 51 28 22 39 52 7 69 46 6 41 25 47 55 43 23 29 8 3 27 35 48 12
49 30 47 15 10 7 5 53 35 9 22 37 43 60 34 31 67 19 13 6 25 8 20 41 65 59 50 63 23 70 55 1 46 51 56 45 11 28 36 66 33 29 49 58 52 38 40 54 17 32
45 63 58 50 16 44 18 61 29 2 31 38 52 56 62 4 66 35 22 69 51 26 53 54 7 57 70 46 17 48 1 20 55 43 28 5 24 11 33 27 64 15 36 40 59 25
22 42 38 40 15 6 53 56 29 2 35 12 44 70 59 41 11 5 64 66 9 22 54
45 57 12 10 9 67 40 47 30 31 25 34 60 65 16 53 35 1 39 42 50 58 70 36 45 18 64 6 56 21 4 69 33 5 26 54 23 3 37 38 66 46 41 61 29 11
30 16 44 27 31 11 63 20 22 45 1 68 46 19 14 60 61 23 55 50 4 39 25 15 57 67 5 66 30 37 52
35 56 51 36 39 23 11 58 31 34 55 32 48 26 50 21 33 40 54 5 30 41 61 45 37 18 42 66 16 10 4 64 1 43 6 62
47 49 58 5 42 70 6 52 15 19 14 48 8 3 46 39 30 54 62 63 25 7 13 4 28 20 57 65 67 55 34 1 68 24 12 22 38 16 32 50 40 43 35 11 26 44 18 66
44 14 27 4 30 18 5 12 6 43 68 47 49 31 20 60 34 8 19 7 28 52 11 61 23 62 21 54 17 67 10 58 69 53 29 50 42 3 13 45 22 66 40 26 39
35 55 59 19 8 48 54 28 63 21 40 16 39 50 6 1 49 23 42 45 36 20 31 26 32 5 17 68 7 33 64 38 43 47 22 15
21 4 12 11 69 9 15 30 58 46 31 13 52 14 37 28 33 32 66 56 57 2
49 36 6 67 66 1 44 33 53 15 47 54 24 41 43 25 62 59 22 32 20 19 18 50 56 55 17 37 26 49 21 61 35 31 13 46 70 30 28 40 42 39 58 14 16 64 2 68 48 7
27 56 52 42 40 22 32 38 62 13 26 63 53 68 47 45 55 59 5 29 37 33 24 66 64 11 31 35
43 35 41 14 25 59 15 61 7 26 49 6 66 55 21 63 4 46 68 30 57 20 36 3 23 38 18 10 2 67 8 69 11 13 60 1 27 16 31 9 40 58 56 48
40 56 3 7 27 29 46 26 44 37 61 47 54 1 23 19 9 2 48 17 8 40 32 28 33 11 43 41 64 68 20 35 22 4 16 50 70 60 25 66 5
46 68 70 64 43 45 36 35 7 67 9 34 65 27 25 46 31 19 69 38 23 10 28 42 29 33 24 44 17 51 30 12 53 39 55 15 11 18 41 22 6 26 47 21 57 32 40
46 50 48 36 43 64 1 63 41 19 28 13 33 39 60 34 7 49 59 62 4 47 2 3 11 27 67 8 12 65 54 14 23 57 32 58 9 37 25 16 24 31 21 46 55 29 69
22 59 35 21 7 63 44 15 69 38 28 26 2 3 46 37 70 23 67 34 6 65 62
23 61 5 3 38 6 57 67 66 8 60 9 27 4 36 2 19 13 11 30 39 41 69 50
28 3 62 13 47 10 33 19 15 53 32 56 54 23 21 18 1 57 42 46 67 7 68 55 51 36 20 9 66
35 57 30 55 16 47 6 33 32 19 9 25 50 60 42 62 59 13 27 34 7 65 1 69 44 8 4 21 61 70 64 46 22 37 11 26
24 38 27 48 19 31 35 29 5 6 30 43 47 39 54 62 14 9 24 32 36 59 60 45 42
16 54 44 25 28 20 58 50 37 43 64 31 35 10 13 69 34
46 37 24 63 36 20 30 45 40 11 39 26 38 3 56 16 70 12 22 47 17 1 32 54 10 13 5 33 4 44 61 9 53 25 50 7 6 18 57 23 2 62 66 51 46 31 27
45 6 61 11 42 1 38 23 16 49 54 56 53 5 41 33 60 31 8 12 34 15 58 21 55 26 9 3 63 50 27 68 51 43 30 40 20 47 39 28 32 37 45 22 17 7
27 27 24 70 8 6 29 68 60 58 49 45 42 33 5 32 14 51 55 34 13 62 64 23 10 59 7 31
34 62 70 22 3 10 54 11 52 34 68 9 59 41 7 1 28 25 58 39 12 24 51 38 46 26 57 32 5 30 2 47 20 48 69
34 56 70 43 45 16 4 34 69 6 41 62 8 11 24 18 15 2 35 28 25 10 66 32 21 22 53 5 64 19 30 3 31 26 50
15 23 19 16 51 52 9 37 38 29 8 34 28 39 63 18
17 13 28 50 38 3 11 37 51 8 5 55 30 66 49 60 31 57
17 43 36 56 21 26 64 51 2 17 7 55 16 33 31 15 41 52
22 31 33 36 10 9 17 12 32 35 14 52 22 59 2 41 16 20 53 55 69 38 66
30 40 15 57 32 58 42 68 7 28 51 62 33 3 13 69 37 52 29 50 70 48 21 1 16 17 19 41 11 4 12
35 54 63 65 58 19 27 34 5 49 23 24 50 18 47 55 56 12 14 66 64 37 15 13 45 43 70 69 67 62 7 60 33 11 38 3
49 63 27 5 52 30 47 39 51 14 66 36 15 9 2 18 13 20 33 60 64 58 56 49 45 22 70 46 38 37 29 3 44 68 40 24 7 67 65 17 11 32 42 10 54 8 21 55 23 48
34 28 20 43 59 38 40 66 50 10 44 48 26 39 4 52 37 32 17 46 70 41 18 8 16 23 58 54 7 30 57 33 29 19 12
33 12 62 19 1 7 32 30 36 6 25 2 8 22 50 23 55 69 58 3 26 68 43 64 31 67 17 61 60 38 41 29 42 66
23 59 63 2 4 33 26 17 24 9 36 60 57 64 30 66 13 67 10 16 6 19 28 27
36 70 51 57 2 69 21 9 8 50 49 22 27 46 56 20 31 44 32 13 29 16 25 58 42 62 28 45 15 40 41 66 3 33 68 63 5
27 27 48 60 10 1 69 28 3 61 13 4 57 29 12 17 46 52 20 40 51 19 56 65 67 64 49 8
32 25 46 6 47 23 64 68 15 4 29 3 54 32 34 39 9 42 13 63 59 38 48 35 57 66 16 51 56 58 5 40 62
19 19 62 39 35 3 57 32 52 65 9 30 31 14 48 46 51 58 59 70
35 46 28 43 23 45 67 32 11 44 53 33 3 13 30 7 15 18 10 40 42 62 56 6 37 36 29 34 38 49 52 24 64 70 22 9
41 27 3 1 54 10 68 33 8 26 46 40 45 29 19 28 9 5 35 14 48 25 30 62 16 36 12 64 65 15 58 63 56 50 52 39 34 59 42 51 61 2
34 28 30 66 42 11 19 61 53 39 70 46 49 57 33 25 41 21 22 35 65 29 12 27 37 43 52 63 69 15 24 67 48 45 38
16 70 31 41 5 22 17 29 27 14 1 62 67 25 47 49 34
21 2 52 12 28 1 41 70 13 27 5 43 19 20 53 36 7 62 44 15 65 51
29 25 40 4 33 63 26 56 47 12 8 18 28 29 30 66 44 7 53 65 1 41 58 38 42 48 36 24 46 19
49 29 41 46 64 2 49 56 67 28 14 16 65 57 59 43 10 50 61 35 21 51 37 70 39 55 69 12 53 36 4 68 33 34 25 47 13 15 22 1 32 31 48 3 17 54 24 40 27 18
37 47 13 44 46 26 63 25 24 65 18 6 10 33 1 21 9 68 41 7 37 59 43 2 11 54 38 14 30 50 29 40 62 67 55 34 53 49
29 41 20 10 33 19 29 46 5 52 42 24 35 26 40 8 62 13 70 14 69 17 63 7 54 47 9 39 48 18
19 20 16 36 23 53 3 11 29 62 18 42 27 45 25 7 10 9 2 46
33 25 56 1 22 2 63 30 43 8 31 68 60 66 19 23 21 26 52 14 49 50 39 70 20 3 10 41 58 36 16 61 48 59
34 19 25 5 31 36 16 9 40 28 44 1 24 29 35 38 59 12 52 50 7 17 53 21 65 66 49 39 48 61 4 27 32 15 14
19 4 65 36 11 41 21 2 31 7 15 55 23 20 56 29 12 5 58 45
30 20 55 28 17 18 6 69 50 60 5 13 31 10 63 58 64 53 22 4 56 61 1 70 54 68 49 8 47 27 45
29 30 8 60 14 36 48 64 52 62 31 3 34 40 9 27 13 66 29 15 59 65 33 38 17 55 26 2 35 42
34 65 9 10 57 48 63 43 38 25 50 67 27 1 41 47 20 11 55 37 66 64 3 28 19 26 16 17 31 6 39 40 61 62 42
39 67 3 52 42 17 39 20 28 66 14 16 4 54 9 2 69 63 12 26 29 46 25 68 64 33 5 62 34 53 22 45 60 61 48 18 6 24 58 47
14 22 43 1 31 30 17 28 21 36 29 4 23 62 58
34 59 46 31 48 20 13 56 12 8 23 37 61 40 24 29 10 38 5 70 67 51 22 57 26 15 66 39 54 35 65 1 69 17 18
46 10 40 26 24 63 11 4 29 8 2 64 53 23 61 20 17 41 52 16 9 18 62 6 70 36 51 56 27 15 49 55 22 7 35 66 31 44 1 30 54 43 57 65 39 38 34
30 43 59 33 27 2 6 64 3 48 41 32 57 37 68 38 46 49 25 7 50 69 34 67 10 56 63 14 15 61 53
22 43 33 41 54 46 27 55 14 45 68 64 28 22 23 2 53 59 11 36 69 50 15
47 39 28 29 37 30 1 4 9 64 33 45 56 42 5 65 25 20 26 22 60 49 55 12 59 67 35 66 40 3 15 17 23 38 57 31 14 27 54 2 62 53 13 24 47 68 18 63
48 38 37 13 3 54 63 23 44 49 53 68 5 51 66 45 36 41 12 62 65 1 50 21 18 56 6 31 39 10 70 8 2 11 42 43 64 17 52 33 30 55 46 7 61 28 35 27 16
19 39 21 6 26 57 53 56 8 33 38 1 61 62 17 69 52 45 43 49
39 49 22 54 4 14 10 48 53 16 8 29 68 25 59 55 26 36 12 9 28 66 44 3 23 46 43 45 13 34 37 50 58 47 52 51 56 35 41 42
37 67 68 44 21 66 5 54 65 43 49 3 47 26 63 50 8 39 41 10 15 46 2 58 35 17 48 31 30 64 37 55 25 19 59 42 53 61
38 64 34 21 2 16 52 40 41 59 43 54 6 22 8 3 70 26 50 49 55 68 5 66 48 25 32 61 63 69 31 9 38 36 60 4 13 7 37
32 63 1 62 32 8 13 67 43 49 30 20 59 51 44 52 23 42 41 5 24 26 37 46 27 58 54 29 9 36 14 16 21
43 35 34 52 13 49 28 58 42 22 30 26 70 69 43 1 9 32 44 11 39 19 14 7 37 60 8 59 38 5 51 23 61 31 24 62 47 12 54 48 33 17 57 4
42 40 45 43 9 42 64 3 25 49 14 35 13 19 38 30 69 5 55 16 21 20 68 61 60 62 10 37 58 22 59 27 24 34 2 50 17 1 4 70 67 66 54
40 61 36 69 37 3 6 33 8 12 40 38 50 65 17 48 18 46 26 14 49 60 22 64 28 58 45 41 54 19 25 42 16 70 10 31 55 43 63 1 29
44 30 26 29 6 33 2 3 34 65 53 58 44 62 9 39 41 49 64 37 15 60 5 61 51 27 22 50 4 42 19 66 35 68 20 13 7 16 59 54 32 31 18 67 21
17 47 30 46 41 1 56 29 6 45 11 50 7 23 3 15 14 61
17 38 33 50 1 59 42 68 25 67 56 58 69 65 12 37 53 6
19 38 21 65 59 10 52 58 66 30 67 45 64 23 3 28 19 50 31 4
16 68 64 34 50 45 8 12 67 16 27 38 29 65 37 66 46
31 36 27 30 41 70 6 25 69 5 28 52 12 17 47 7 11 50 66 33 57 3 45 48 49 19 55 65 31 10 32 63
45 61 52 65 37 11 9 66 55 32 5 25 58 26 51 19 62 7 49 69 20 56 18 14 40 34 41 59 67 48 45 10 44 42 8 29 50 43 1 23 53 38 13 68 4 3
26 68 35 1 50 65 6 8 51 49 9 54 16 17 21 22 69 44 45 12 2 29 13 3 32 61 67
26 31 59 22 29 52 51 60 49 34 9 38 47 35 61 65 7 58 12 53 62 30 37 13 64 5 33
38 59 50 40 60 65 41 37 2 62 45 46 57 27 18 23 29 42 8 38 33 6 10 36 70 15 66 7 32 55 67 21 12 5 19 26 39 11 68
29 36 24 48 62 55 5 9 35 18 68 41 14 38 69 3 25 19 53 43 29 6 30 28 21 67 52 37 46 40
34 65 35 26 29 53 36 17 27 39 13 31 42 11 59 50 69 18 6 51 70 4 2 24 47 37 16 45 43 60 48 3 49 15 63
24 40 18 19 52 67 49 62 41 26 42 6 10 56 69 38 45 32 36 27 51 60 64 15 55
15 6 20 35 33 29 54 59 63 18 26 8 56 50 19 40
47 20 8 54 28 49 36 42 63 48 15 59 46 70 16 4 21 10 44 30 24 19 22 9 68 33 27 45 1 23 66 56 13 55 3 34 17 47 5 52 41 7 60 57 25 26 31 38
38 2 63 66 4 36 48 7 6 38 65 57 1 23 28 3 45 15 19 21 33 46 64 24 40 8 41 25 51 13 14 35 10 20 43 9 32 31 54
43 14 39 4 62 54 40 60 5 32 17 16 1 20 67 15 69 66 70 55 28 7 65 13 51 6 30 23 59 27 53 44 8 34 12 31 46 22 3 68 64 18 33 58
15 21 34 61 30 69 45 3 63 24 43 22 15 55 58 70
31 32 6 23 51 70 39 55 13 18 49 10 41 1 47 31 11 8 4 42 68 40 17 63 12 65 38 19 20 15 61 58
20 52 11 64 55 62 27 38 23 1 7 65 5 12 13 49 29 2 4 37 35
35 40 35 24 45 4 66 51 60 30 29 68 6 46 70 49 27 20 3 41 39 62 58 19 17 21 43 9 31 54 38 5 47 61 53 12
17 65 32 61 47 62 13 31 67 52 10 53 12 56 30 22 25 44
29 67 62 6 2 16 37 22 31 50 26 10 9 11 58 43 65 63 3 59 29 60 8 53 32 57 38 18 64 4
47 43 31 63 16 35 6 17 52 68 32 38 67 61 11 66 41 28 44 9 7 20 36 18 42 22 58 10 45 25 26 49 19 53 39 13 60 24 64 50 1 69 37 70 5 3 48 55
44 57 13 55 5 7 12 2 61 64 10 42 25 36 58 27 9 54 38 11 23 63 50 40 51 14 3 21 39 26 1 29 48 16 62 41 67 31 56 8 45 6 18 65 20
30 2 38 15 45 65 10 62 28 7 30 25 54 6 22 50 8 63 1 31 42 36 40 69 68 61 67 41 49 60 46
16 23 9 30 18 42 11 31 6 5 39 66 26 55 24 51 28
47 47 2 1 62 53 51 11 30 39 27 41 12 42 13 32 44 61 50 31 64 37 70 40 55 54 17 26 22 34 15 7 65 20 24 3 46 9 36 28 58 60 48 25 56 52 21 59
47 4 57 64 31 15 54 56 70 69 45 42 10 19 30 14 51 40 36 37 34 58 32 38 63 33 49 66 21 65 18 41 68 12 24 50 53 3 62 35 52 39 23 9 60 59 28 25
14 57 69 4 37 40 15 58 42 54 66 3 20 16 46
18 14 26 36 70 44 66 34 28 21 22 65 41 50 4 37 45 13 38
36 35 4 12 19 59 11 14 44 17 37 34 54 13 16 20 5 7 66 67 10 15 62 53 64 29 47 45 21 31 22 39 6 58 69 63 56
30 23 46 44 39 6 66 32 17 28 42 24 38 2 18 12 14 69 29 49 19 36 4 22 55 53 3 45 11 27 68
25 61 43 23 50 32 5 8 38 35 69 31 27 16 57 40 1 49 63 19 62 18 14 17 2 45
40 42 64 43 22 1 34 36 3 56 65 29 9 16 37 30 8 25 50 31 67 52 23 58 38 26 61 27 28 48 19 57 46 20 53 47 40 4 70 24 11
30 17 36 48 64 42 69 66 19 15 51 11 62 4 29 46 53 6 14 9 54 55 32 57 8 21 18 37 7 65 26
15 21 69 14 37 70 48 9 34 50 6 7 30 22 56 26
41 53 50 36 19 29 57 10 54 14 51 42 59 3 27 70 18 43 56 41 34 44 63 39 21 46 40 15 16 24 62 61 35 8 13 69 4 32 33 28 9 25
31 52 10 58 16 14 36 63 2 62 57 47 1 60 37 68 11 8 23 13 67 4 59 65 44 66 45 18 49 38 24 26
21 45 31 32 9 36 65 34 56 25 4 42 55 16 14 59 67 27 5 64 23 49
43 8 9 53 65 67 43 17 38 16 54 31 4 1 70 62 47 24 22 15 34 29 33 20 6 63 26 64 19 66 50 59 18 57 46 40 55 60 32 27 3 13 23 30
47 44 41 27 61 12 25 66 45 13 21 6 51 3 42 26 50 43 70 60 53 48 16 39 31 22 4 1 64 59 8 18 24 49 15 2 69 33 35 37 38 9 68 46 19 20 28 52
43 63 40 24 70 11 20 47 65 25 59 5 51 19 31 3 15 29 49 55 26 42 30 1 57 54 17 12 64 37 45 22 27 69 39 35 32 50 2 23 8 53 46 14
34 39 69 58 66 54 45 17 40 26 35 14 23 37 20 48 59 47 41 50 11 56 57 33 25 53 42 15 28 44 16 19 24 38 62
27 63 5 44 25 41 14 15 7 55 70 31 59 42 8 57 4 29 28 47 32 33 45 22 46 1 21 39
49 22 19 18 59 24 68 61 6 1 5 14 25 38 23 2 52 32 15 11 69 3 36 9 62 7 65 48 26 27 17 54 40 8 64 21 12 45 34 13 51 58 28 42 37 47 66 50 70 16
45 6 54 27 41 43 35 55 5 68 20 14 24 51 40 52 46 15 42 4 38 13 22 57 2 36 23 62 32 60 8 7 50 37 58 66 64 65 49 16 21 3 53 39 18 33
33 10 44 56 21 7 46 64 11 19 33 39 31 41 28 38 50 45 5 13 43 14 18 24 61 6 16 54 27 48 2 23 58 3
44 20 24 18 55 1 46 65 26 58 53 9 16 68 19 11 27 14 32 59 56 3 37 60 64 25 2 63 38 39 47 28 8 42 50 17 34 44 40 23 70 66 7 51 52
17 54 68 8 19 34 32 36 60 1 56 24 47 62 4 53 25 41
26 25 13 9 27 58 50 5 66 1 3 64 22 47 38 12 33 30 44 35 32 69 10 42 31 70 23
26 15 16 64 14 54 10 58 45 48 1 8 33 37 59 18 5 21 3 12 19 40 34 25 2 27 56
19 7 31 19 55 4 65 13 46 38 32 24 37 49 54 35 40 62 26 50
27 23 27 63 40 22 62 32 47 65 58 8 15 57 45 33 36 20 28 19 66 49 29 50 69 5 60 13
17 58 23 44 41 35 55 53 37 42 4 22 10 6 18 27 45 65
14 44 55 53 12 67 65 64 16 68 56 17 10 28 38
47 12 10 61 45 48 20 34 24 69 21 28 39 55 5 46 35 42 60 14 67 70 43 33 49 29 2 37 9 64 3 11 4 32 53 19 38 40 59 66 15 56 25 36 47 18 7 1
25 52 30 25 62 4 68 69 54 53 67 23 70 18 49 44 14 33 13 57 47 28 6 45 8 26
27 12 32 49 25 57 36 39 62 27 7 1 35 2 69 20 51 29 68 14 43 47 64 26 6 34 61 54
17 24 6 57 32 8 67 61 31 46 23 66 2 12 27 16 41 55
40 46 44 58 14 69 41 32 19 67 39 12 61 24 23 47 25 26 28 11 21 3 53 56 35 27 13 65 33 63 34 1 31 52 10 16 64 66 5 36 6
17 28 48 49 35 5 16 54 37 24 41 43 1 33 69 55 8 64
46 32 28 41 36 47 18 35 8 27 59 2 54 9 24 60 25 56 65 30 39 6 34 55 63 52 50 4 21 19 16 26 7 23 3 66 38 22 46 12 14 5 48 15 70 44 58
31 20 60 10 62 66 51 19 57 15 38 37 48 13 6 26 28 18 4 64 58 8 31 40 59 1 42 23 32 17 56 54
29 65 55 22 37 61 39 56 19 42 1 4 18 54 44 27 57 64 38 23 40 3 24 11 6 21 43 70 2 66
48 60 67 14 28 34 46 43 41 39 58 33 38 32 20 56 24 10 3 9 68 59 27 35 40 19 7 5 50 66 18 25 47 45 8 36 49 16 63 44 48 55 64 42 69 23 13 21 29
49 42 33 28 64 15 5 51 43 31 65 23 54 6 21 56 53 20 17 50 34 40 66 47 67 12 9 8 62 29 30 35 24 46 18 58 69 11 36 1 60 52 57 68 2 63 27 48 10 14
29 20 4 65 5 18 11 15 55 39 41 54 9 28 47 49 68 2 60 35 64 40 31 1 56 16 36 32 43 46
34 31 64 14 36 44 41 65 34 58 42 53 16 35 4 15 3 20 48 43 49 47 52 33 27 69 21 68 18 60 26 9 19 50 13
41 50 12 44 46 49 55 25 36 60 18 33 40 1 47 27 67 21 10 65 28 56 11 69 68 22 30 2 15 26 42 48 54 52 3 62 8 19 43 6 59 23
35 30 39 20 50 8 31 40 52 53 3 58 43 64 33 11 25 32 41 18 5 51 21 48 12 10 17 70 45 63 38 54 28 15 37 6
18 69 45 4 29 40 51 46 67 6 64 5 61 49 30 62 39 31 9
42 11 70 67 16 9 43 22 24 37 47 68 29 17 63 50 56 26 25 39 14 15 55 53 33 30 6 5 36 23 10 8 1 57 51 60 38 65 35 40 46 61 7
20 49 5 65 70 30 14 44 19 11 69 58 8 68 56 35 39 53 17 27 33
26 52 15 49 26 16 14 53 2 70 41 64 55 34 44 6 3 31 68 19 57 54 22 61 51 23 11
46 15 50 18 29 6 32 16 41 46 21 8 24 66 68 36 11 28 70 61 58 67 23 17 54 40 2 39 27 22 20 64 30 13 56 69 59 34 4 45 48 49 25 63 42 55 12
25 34 26 24 6 33 3 58 55 27 30 20 23 69 52 47 13 28 14 60 46 59 19 1 38 70
36 31 57 24 37 61 1 67 66 13 11 30 59 39 62 17 48 68 60 16 35 8 45 10 2 3 38 9 58 18 49 40 32 65 4 43 26
14 67 50 59 49 13 19 28 20 60 40 53 16 25 21
45 58 70 66 56 40 11 31 61 13 36 46 44 4 27 20 15 10 55 5 38 6 33 30 26 18 47 35 21 29 25 52 32 65 17 60 16 53 22 9 8 45 39 24 69 23
48 36 8 10 17 49 60 47 50 38 1 52 68 16 31 48 27 45 35 39 44 7 5 65 6 28 3 21 53 22 20 12 29 14 46 15 33 66 4 18 41 9 42 59 23 11 2 54 58
19 20 1 67 48 40 56 34 19 55 52 31 12 6 10 15 21 64 37 47
20 35 26 27 47 37 15 1 58 60 19 54 63 40 51 32 30 8 6 53 39
17 28 5 60 66 51 57 30 24 43 27 7 1 29 8 10 42 39
15 13 4 45 51 26 57 64 8 20 21 54 70 60 27 17
26 58 68 27 33 47 35 16 46 2 19 21 49 32 59 40 1 44 29 11 69 64 7 65 61 9 15
38 41 23 32 49 10 11 7 53 21 56 17 20 55 42 62 31 67 52 15 28 29 34 63 54 6 48 44 65 38 27 43 2 69 59 13 51 30 39
41 67 1 46 62 48 33 10 45 28 58 9 3 61 41 16 57 63 68 13 29 21 24 56 52 44 8 18 15 70 66 5 49 19 7 37 4 51 2 25 50 43
44 63 32 34 68 43 55 24 15 27 10 47 39 20 13 12 6 48 50 31 1 46 70 66 30 23 33 64 18 21 14 60 37 62 28 3 9 53 5 4 67 11 8 19 29
27 17 2 60 51 37 24 49 67 43 34 68 5 54 46 21 38 53 8 62 13 31 39 59 61 10 14 55
29 14 25 66 70 28 21 11 54 55 36 24 65 20 49 45 61 48 46 43 39 5 68 40 13 6 12 30 8 4
39 12 62 50 5 7 36 27 2 61 13 31 10 35 47 43 60 52 41 29 48 6 33 18 4 19 38 59 64 53 30 23 68 25 67 44 51 66 16 54
25 10 37 17 26 42 3 21 54 57 27 29 7 34 68 14 6 24 32 33 18 58 22 44 66 13
33 51 13 25 32 14 59 15 27 28 6 1 54 12 53 70 43 34 23 21 65 36 66 19 16 63 38 30 4 29 18 40 42 22
49 38 14 47 2 54 35 1 70 30 67 26 7 20 57 17 29 22 6 51 48 61 34 9 53 8 59 62 27 13 19 55 37 31 56 43 23 66 60 21 44 33 64 18 52 58 32 68 65 50
30 37 65 29 12 6 22 17 8 31 4 55 57 63 49 25 66 14 56 41 32 26 3 68 59 46 67 36 23 53 18
22 25 3 40 55 2 32 14 66 58 70 9 27 52 69 12 30 54 16 1 50 41 48
17 56 16 12 61 23 29 43 8 64 67 1 21 10 31 66 41 45
32 6 39 18 4 26 21 32 45 69 3 44 33 42 58 25 66 48 46 14 70 12 55 20 53 56 64 7 24 10 50 13 51
38 65 35 1 57 7 21 64 33 41 37 69 54 29 2 30 49 5 31 56 28 15 3 43 62 48 61 39 27 36 24 34 16 20 53 18 23 55 8
31 9 46 25 8 60 22 3 52 17 69 6 70 2 32 24 63 29 41 59 44 31 19 5 11 33 4 61 50 21 56 18
20 54 51 23 1 35 49 69 29 36 53 56 20 37 7 57 24 25 11 34 48
48 5 3 59 15 53 42 49 2 43 1 34 51 38 16 57 28 33 58 4 66 37 32 12 11 10 45 70 61 27 64 67 48 68 13 22 25 40 52 20 41 14 29 23 56 36 69 46 8
21 13 46 32 25 54 55 1 45 67 7 21 15 30 69 66 36 52 48 34 68 56
19 6 69 52 48 2 30 28 29 44 7 8 20 25 5 55 59 43 49 26
47 7 32 67 29 56 3 48 4 60 62 36 6 49 31 1 57 25 23 70 5 69 66 28 17 50 55 40 19 14 63 2 43 44 54 22 61 46 39 41 35 58 64 45 34 27 59 47
36 57 16 23 8 63 45 5 28 11 43 2 40 54 6 47 44 48 68 58 25 41 10 7 24 61 31 36 51 55 69 34 21 18 49 20 22
15 39 8 10 49 28 13 64 57 47 66 35 3 20 42 53
23 69 50 17 18 58 66 15 47 6 22 23 13 34 43 30 45 38 28 56 52 42 19 40
24 57 24 68 34 47 22 26 69 49 9 1 16 20 64 18 5 31 46 39 12 52 35 43 21
22 49 44 16 58 69 28 8 70 67 4 24 26 5 66 46 11 34 7 23 50 32 29
25 58 57 65 35 4 37 43 19 70 7 9 48 59 25 62 45 47 33 60 66 49 30 17 46 34
27 49 41 65 51 36 27 34 20 44 69 21 42 67 48 56 61 60 26 54 23 37 50 35 64 58 8 62
45 36 35 25 1 4 22 28 31 9 55 49 47 48 10 56 50 44 17 54 19 38 12 60 53 6 45 61 37 32 46 65 68 26 27 8 70 57 5 43 34 23 24 52 2 42
47 25 24 36 34 35 61 14 44 63 57 30 66 22 60 42 70 45 50 51 40 39 17 20 56 29 7 1 64 65 33 9 62 15 19 67 37 55 8 54 53 68 27 46 21 38 10 26
36 20 51 2 10 57 15 34 7 65 13 16 3 4 40 50 5 8 56 23 41 31 11 35 18 6 44 26 37 24 21 69 43 54 17 27 61
25 69 35 1 32 20 52 51 18 44 40 42 62 27 23 43 30 5 63 13 4 45 17 66 55 49
21 69 67 61 20 15 21 54 42 57 17 56 38 70 16 45 18 62 59 52 49 41
35 41 70 5 18 20 42 55 66 11 9 24 52 56 29 51 32 58 47 13 26 67 63 33 23 48 34 38 68 12 36 65 14 49 28 21
35 22 12 19 63 34 28 51 5 7 53 9 15 8 62 6 23 10 25 66 46 45 13 47 42 27 1 16 4 24 41 68 18 3 61 54
45 34 41 7 20 55 63 30 42 36 31 11 62 25 26 38 33 29 8 68 4 21 44 65 66 50 18 13 56 64 27 61 14 2 47 53 32 22 67 60 3 43 23 46 12 37
49 56 63 33 44 57 6 30 1 22 59 61 40 29 34 12 15 67 38 13 18 69 48 25 66 26 51 19 17 60 24 28 70 52 23 3 46 43 2 4 68 32 36 21 49 35 7 16 31 20
24 13 53 57 65 40 30 17 14 31 61 20 2 62 64 60 39 36 32 37 27 69 21 9 1
16 24 60 61 62 44 67 29 25 2 40 26 17 23 43 34 32
26 14 36 61 13 9 29 2 58 23 46 52 55 48 32 18 8 45 66 56 5 26 16 37 43 44 54
21 41 18 7 61 14 48 9 54 66 69 3 55 34 33 53 46 45 57 58 2 62
46 17 49 56 52 33 30 57 41 46 31 29 59 39 58 45 51 10 65 27 38 34 24 44 15 5 20 19 22 6 67 40 63 7 43 25 50 55 4 12 18 47 23 16 32 21 28
14 7 52 36 49 41 61 60 37 62 65 44 16 8 29
40 29 9 51 38 27 62 70 2 49 22 53 42 47 16 5 23 11 26 60 48 3 31 57 45 36 41 18 40 44 67 24 12 64 8 13 14 66 56 63 4
26 49 20 38 42 28 32 16 54 66 46 58 9 44 12 29 68 57 18 53 5 59 56 37 31 11 10
35 29 37 33 48 58 36 9 32 35 57 11 24 14 12 39 65 41 69 63 18 15 67 10 19 27 62 59 6 40 25 70 47 31 64 52
29 66 55 61 14 35 30 38 19 36 46 52 70 49 50 21 7 11 8 24 58 42 63 32 57 17 60 41 34 23
38 36 10 1 44 21 32 56 68 35 16 12 9 31 39 30 7 22 14 46 18 26 42 29 58 4 40 17 20 55 51 34 25 41 69 54 61 65 19
23 5 40 28 22 60 31 56 3 48 19 44 15 16 62 10 32 2 35 52 11 53 9 61
24 51 65 34 30 8 59 28 27 39 49 55 61 23 47 38 31 10 64 43 14 33 42 37 53
26 70 62 38 13 6 48 49 68 7 10 65 18 20 14 16 33 32 58 67 54 56 44 11 15 69 36
21 50 70 45 44 51 22 1 62 25 11 27 6 31 64 52 10 39 47 65 53 24
42 42 29 15 31 41 56 60 68 62 27 34 16 47 36 38 23 7 10 57 37 48 14 46 26 11 50 65 13 52 54 66 59 43 24 32 18 40 22 8 44 69 67
29 28 7 10 41 42 9 3 18 64 6 37 68 1 8 49 23 51 52 12 29 2 21 15 16 32 11 24 14 70
38 66 29 22 63 9 67 17 25 45 52 53 28 15 16 44 11 31 54 39 21 33 50 6 51 69 19 61 48 10 68 43 24 4 70 60 7 2 46
26 36 44 20 3 6 11 17 8 37 14 51 31 22 53 26 7 13 34 56 48 41 57 70 67 15 19
41 68 52 36 46 45 56 61 60 58 70 20 38 31 33 19 64 6 67 47 22 15 62 11 12 37 55 57 35 16 3 8 28 40 41 1 13 65 21 4 54 66
21 5 42 33 23 34 20 41 10 8 68 58 2 13 29 47 55 9 38 36 1 37
38 21 48 62 66 45 6 37 39 5 19 25 55 56 49 53 4 30 38 65 35 28 52 27 34 68 44 60 40 50 69 59 67 17 23 51 1 22 2
35 37 38 6 19 16 44 30 25 39 49 43 68 23 13 47 67 33 4 69 60 56 63 15 26 57 9 41 2 48 14 11 31 53 36 45
45 45 56 43 25 18 3 22 16 30 42 57 15 34 66 9 29 19 60 58 4 27 52 36 48 61 67 47 53 44 11 37 35 5 14 68 49 23 21 8 46 6 33 70 20 63
22 50 39 9 49 15 65 42 11 35 36 58 25 32 48 69 2 30 57 67 61 56 23
29 16 28 22 34 51 56 31 27 43 1 5 49 47 12 64 9 41 55 69 11 58 52 50 57 66 44 36 40 48
18 29 59 12 63 53 35 46 54 11 66 36 17 40 38 10 24 13 52
39 42 18 20 70 59 67 2 17 9 24 69 8 23 32 38 52 46 50 63 51 19 3 56 64 49 40 12 58 36 30 29 10 4 68 53 6 41 14 48
46 54 45 55 68 24 13 34 39 64 56 42 29 51 69 33 14 18 62 23 38 47 61 31 8 50 67 52 2 60 3 15 19 27 36 58 7 12 5 41 44 30 46 16 40 35 21
33 59 12 57 54 2 37 23 25 62 42 22 46 27 51 52 14 10 34 19 40 43 38 35 15 36 49 5 1 69 30 32 44 33
39 58 63 14 52 39 9 36 17 13 64 5 57 34 22 46 20 48 38 32 31 4 51 54 47 45 62 70 33 59 65 25 35 11 61 66 3 10 56 18
28 57 28 41 42 6 55 12 63 16 24 31 48 18 32 59 30 70 40 52 47 58 10 25 20 60 27 35 53
18 7 36 52 8 50 70 24 62 26 23 64 44 53 3 54 45 31 43
38 3 42 69 40 19 32 63 35 20 22 18 24 5 70 15 10 53 60 43 36 23 54 47 67 16 30 7 29 45 58 52 6 57 44 4 33 50 62
37 16 38 59 5 47 39 40 14 50 68 62 49 23 28 57 1 51 67 55 17 53 7 66 26 3 30 24 6 60 18 56 21 45 19 25 11 15
22 35 68 36 11 3 23 45 24 30 62 63 13 38 55 32 34 28 67 2 50 22 17
38 56 13 28 16 41 26 49 23 25 17 24 64 68 10 34 32 7 55 11 37 1 33 14 51 58 70 47 9 65 20 69 40 63 57 5 3 66 4
41 25 49 46 4 27 62 55 67 58 11 19 35 31 61 39 9 1 38 18 32 56 65 23 59 69 42 44 54 36 57 14 15 53 13 43 3 68 66 34 70 26
17 43 27 12 63 42 57 35 4 11 52 58 48 65 49 41 29 21
15 61 42 70 54 50 32 7 27 12 38 18 29 17 43 64
20 26 40 33 19 28 48 61 18 56 29 64 44 17 15 31 58 50 16 30 7
47 32 50 12 39 59 11 58 62 51 70 47 40 44 52 48 66 68 31 7 65 67 21 45 38 20 60 33 56 27 55 3 63 10 5 36 64 37 34 29 4 9 28 49 17 69 30 46
25 66 26 50 22 4 5 64 6 57 56 14 41 52 23 1 40 17 44 54 67 13 33 28 45 3
29 43 66 51 26 7 48 61 16 62 34 12 18 30 41 3 27 40 37 2 17 5 60 14 57 58 28 4 22 46
47 34 15 37 13 70 41 5 22 3 60 1 48 59 62 55 57 68 61 2 4 50 53 54 25 58 24 46 36 42 8 31 51 45 43 10 17 69 28 65 20 7 67 47 29 12 14 35
33 23 47 68 66 67 24 70 29 18 52 63 49 4 46 27 30 43 62 61 59 21 3 11 14 26 5 58 32 7 33 19 13 40
41 21 30 18 59 2 11 45 54 37 61 64 31 24 3 62 56 28 38 10 67 55 20 39 35 63 9 65 48 23 69 43 47 16 51 40 66 34 68 7 49 5
18 66 36 56 10 38 68 4 34 51 22 37 18 44 7 46 42 70 41
43 46 39 49 47 27 32 55 63 24 18 13 51 30 19 11 58 65 33 29 54 38 4 52 6 68 35 36 40 48 57 5 37 14 2 42 15 60 41 64 20 59 23 31
29 45 30 22 62 38 28 15 36 27 65 16 69 8 25 20 31 55 42 11 23 5 29 17 40 43 58 41 34 21
22 31 35 53 65 45 25 13 64 56 27 43 67 47 1 17 61 22 34 19 28 48 4
24 43 50 21 38 61 1 62 64 53 66 33 68 44 57 14 59 13 5 55 8 56 25 22 42
24 28 35 34 68 44 38 10 42 31 60 30 18 33 43 3 25 50 57 22 1 61 51 39 55
41 4 69 60 55 25 51 46 53 44 29 28 18 31 57 45 43 7 52 3 40 54 9 64 56 23 21 8 19 33 32 63 59 65 35 49 11 66 5 61 34 10
14 28 37 63 26 38 65 27 67 41 11 22 8 31 24
48 44 24 67 12 35 21 63 23 16 26 25 34 38 55 30 48 64 4 28 41 13 18 3 42 17 70 56 15 53 22 54 36 29 19 33 2 7 58 9 32 8 66 27 52 39 50 60 37
29 1 45 44 70 10 48 40 39 15 63 9 60 32 25 53 67 69 5 16 62 31 58 56 43 49 19 27 33 50
17 24 47 31 26 2 57 16 70 59 69 27 66 38 17 36 45 15
27 17 34 54 3 44 27 14 58 50 26 55 31 39 19 5 16 40 49 33 61 59 7 66 13 25 18 67
44 1 21 24 51 25 41 37 9 32 10 53 42 6 17 30 33 40 67 34 47 31 50 44 12 65 22 7 52 39 2 55 46 4 56 27 54 58 15 13 70 8 14 63 48
21 66 6 47 28 70 15 3 33 27 30 40 63 45 67 39 41 12 14 22 48 5
32 13 21 66 19 69 15 38 62 58 32 48 11 4 47 5 16 59 55 50 14 12 46 30 37 68 20 18 44 31 35 3 25
48 56 28 25 39 18 21 37 24 41 45 34 50 6 32 17 64 27 19 3 55 9 8 13 68 36 26 67 65 2 23 47 30 33 66 16 11 43 60 31 52 7 15 4 59 42 63 48 35
40 53 20 31 57 18 23 44 33 29 50 34 10 19 40 43 47 59 66 16 46 24 55 5 4 36 13 9 62 14 60 12 32 48 70 1 64 68 42 63 39
28 56 40 24 10 45 5 1 67 31 6 25 54 15 8 17 18 42 7 19 59 14 4 37 52 21 35 9 38
27 13 43 54 5 66 3 56 70 35 11 34 40 8 2 22 68 32 16 48 47 15 46 28 49 29 52 33
21 22 63 5 27 37 50 18 44 24 19 1 33 4 31 14 45 68 42 39 32 57
32 22 66 11 44 43 42 26 64 12 25 70 68 36 31 2 52 15 19 67 50 60 13 24 7 18 61 53 20 39 32 5 63
48 61 13 4 2 38 23 18 1 65 5 62 6 66 68 59 50 52 56 37 10 55 14 46 35 32 53 22 30 3 48 24 11 36 57 44 45 28 58 9 67 19 51 39 33 34 49 70 31
26 35 51 5 1 54 30 18 27 4 31 47 56 3 65 24 10 32 49 26 7 66 8 50 57 22 68
17 22 30 2 50 17 5 64 27 33 53 15 57 54 41 32 37 35
23 2 42 17 16 8 48 20 30 33 9 35 63 18 51 11 4 6 27 61 21 67 56 65
20 62 11 38 28 35 3 10 33 8 55 18 49 14 16 46 42 65 47 57 63
24 29 70 50 53 63 32 51 25 34 36 1 68 49 43 18 69 38 35 57 22 16 21 31 41
36 21 19 55 40 34 12 44 69 7 38 36 53 16 65 33 47 43 58 22 37 52 3 62 67 54 61 8 35 30 48 42 11 1 70 10 31
23 22 45 52 41 14 32 15 36 62 19 60 65 49 43 63 38 6 33 5 64 53 67 58
17 67 52 22 3 30 33 21 58 62 38 65 34 13 10 32 15 5
29 8 2 25 28 47 41 42 15 46 7 69 29 62 64 17 70 27 6 39 65 50 38 14 9 59 11 60 48 40
37 45 42 2 28 67 38 27 57 35 10 70 63 46 51 66 25 50 26 24 1 7 32 3 54 69 6 52 61 30 19 18 23 22 65 39 44 9
39 2 45 27 65 38 11 67 35 52 22 6 56 21 20 3 9 13 1 47 53 60 51 49 30 68 25 7 39 61 46 10 69 28 4 54 17 29 18 15
34 28 61 52 69 22 10 14 8 63 55 57 27 24 33 20 26 70 38 19 11 7 13 37 44 67 4 6 47 39 17 23 62 25 53
36 36 52 26 30 55 43 44 68 15 65 69 28 1 70 33 51 39 9 38 34 19 47 49 13 24 56 64 22 27 53 10 41 59 25 62 11
18 27 10 52 42 9 69 63 24 55 58 59 45 57 35 49 47 68 18
23 21 26 56 66 34 9 15 19 54 70 20 27 40 67 43 41 24 28 37 23 64 8 30
43 30 50 45 41 3 32 26 27 28 34 68 13 65 2 57 51 60 38 20 19 22 24 10 31 1 53 6 64 5 66 44 39 63 14 62 15 48 70 49 36 35 12 8
15 24 28 8 16 42 57 54 48 60 38 12 70 61 23 27
44 1 25 35 5 29 41 18 8 59 4 22 9 24 13 64 12 40 61 19 50 21 30 57 62 65 67 54 32 3 63 2 48 6 49 38 52 16 44 20 51 17 70 27 69
24 55 70 56 44 14 10 20 48 25 33 11 5 51 64 59 19 27 57 3 29 65 53 58 63
35 66 55 36 29 32 49 47 20 67 54 15 57 6 42 52 40 28 10 56 17 45 24 43 19 4 51 64 33 48 31 12 41 7 16 26
23 45 68 26 53 31 69 9 14 34 58 2 42 38 5 24 57 43 51 12 3 17 1 25
35 49 37 16 69 40 22 4 27 44 3 50 52 38 12 32 19 2 66 28 39 18 51 46 60 6 34 15 1 45 30 61 8 20 21 25
42 37 20 48 33 22 2 27 47 28 49 4 11 25 52 69 19 7 10 38 59 12 51 61 57 3 30 56 53 60 1 68 34 62 40 5 15 41 67 31 32 13 6
48 61 67 41 47 69 56 35 23 18 28 25 50 4 53 55 39 24 37 27 58 63 2 66 9 13 68 14 40 46 15 21 33 44 34 6 17 60 62 29 31 19 7 51 20 22 12 65 10
16 34 67 28 48 32 17 46 8 40 58 18 65 11 56 63 55
44 43 4 59 17 42 41 11 24 32 39 22 36 34 5 51 23 57 47 61 38 14 9 6 21 52 15 63 26 58 28 12 50 68 45 49 55 3 19 20 13 27 56 16 25
49 43 20 53 29 42 2 46 4 59 39 38 1 44 64 12 21 11 23 61 60 31 27 9 28 66 54 7 26 13 41 34 70 47 55 24 18 22 6 30 51 10 35 49 36 14 33 62 48 68
39 36 68 40 61 7 63 23 8 17 54 57 47 53 44 45 31 6 25 38 51 3 19 59 13 35 34 39 30 52 27 18 58 2 56 64 60 33 48 50
42 35 66 33 12 62 43 52 51 23 32 3 10 56 40 22 16 48 61 2 15 60 57 50 53 28 36 37 41 18 9 70 25 30 58 59 13 55 39 65 46 54 47
29 1 52 56 64 24 10 21 69 3 36 11 46 33 34 48 47 4 13 14 37 45 20 50 30 35 16 62 41 5
19 8 21 4 46 58 57 9 1 68 24 42 70 32 10 47 3 43 54 50
36 42 28 29 66 1 65 58 36 6 7 18 56 20 31 44 26 2 35 54 45 13 32 38 52 70 64 61 68 60 51 57 69 21 12 19 63
19 14 55 16 66 2 65 9 60 52 47 53 43 70 22 33 39 6 4 50
45 57 59 16 36 10 58 22 14 27 45 18 34 69 43 19 15 65 9 40 61 47 23 53 54 56 42 7 68 63 41 52 20 55 37 28 4 51 48 31 70 66 11 13 6 26
26 22 44 54 35 2 1 8 45 15 11 58 36 48 13 24 51 18 3 56 39 57 9 31 69 10 5
27 46 45 30 41 19 9 27 38 15 59 51 11 49 13 52 61 58 5 64 4 60 16 18 39 3 56 29
49 39 68 52 9 42 55 22 5 18 56 57 51 38 34 59 20 37 69 70 45 61 67 4 21 1 43 15 24 26 25 8 49 11 63 58 2 53 36 65 48 17 32 54 29 66 19 41 23 33
37 64 55 26 27 18 4 11 52 68 54 2 30 14 35 48 42 70 31 58 8 21 69 17 34 43 66 29 15 9 25 46 37 65 59 45 10 51
46 41 8 32 5 61 6 50 65 57 21 60 47 37 29 56 27 69 14 31 54 44 36 23 59 42 20 13 70 53 15 39 64 24 35 33 34 12 52 2 46 3 17 25 55 28 40
46 14 60 55 19 31 38 53 70 23 69 48 67 43 21 8 45 66 28 35 2 4 33 6 27 37 7 58 57 56 30 54 18 3 10 12 65 5 11 62 34 64 51 40 41 47 1
